# Created by Octave 3.8.2, Fri Aug 02 14:30:19 2019 ART <ggancio@tux>
# name: mon_SdB_10
# type: matrix
# rows: 461
# columns: 1
 -186.6632471857039
 -186.74754958902
 -186.6325809757621
 -187.1252422015341
 -187.1400488055786
 -186.8954819706618
 -187.1185095772228
 -187.0643021317205
 -186.9648468653443
 -187.1526622643483
 -187.0020179482223
 -187.192187421253
 -187.1521096198623
 -186.4839661065063
 -187.3486053428662
 -186.7212127520142
 -187.0228393407941
 -187.1710867493556
 -187.0896076525737
 -187.4620937849246
 -186.8901409575471
 -186.886192069751
 -186.642089741763
 -186.7824799126563
 -186.7489006000987
 -186.6528853796153
 -186.7646723723566
 -186.6978237322346
 -187.1607667867679
 -187.1904952787498
 -186.9895056790974
 -187.1940517336622
 -187.2233702172654
 -187.0269617046926
 -187.0257543591788
 -186.4560058922495
 -186.755175806217
 -186.6956949805184
 -186.4869328977641
 -186.5642227373726
 -186.2883011058014
 -186.4259641811549
 -186.6883760779417
 -186.5932465548395
 -186.6144072654689
 -186.6976335303794
 -186.3753979430514
 -186.3960448288039
 -186.3136903301208
 -186.5388745859157
 -186.4231158502051
 -186.3840805003792
 -186.2540245193045
 -186.4405033315543
 -186.1371926927339
 -186.2743153461485
 -186.2503047287386
 -186.4599038612278
 -186.573783525179
 -186.5795612665052
 -186.9544792238031
 -186.4947710399584
 -186.0396881782313
 -186.1624344021436
 -185.9564523729357
 -185.915556645601
 -185.907821728451
 -186.1827340760197
 -186.7489651076955
 -186.6198297077891
 -186.5480773572201
 -186.0277540633317
 -186.1691439535248
 -186.065910900237
 -186.2910295624528
 -185.9924008529238
 -185.7046529571934
 -185.6556790670451
 -185.9403787006734
 -186.0705232202606
 -185.9671298484844
 -185.9747488000754
 -186.2464456687398
 -185.8101431735097
 -185.8582018454692
 -185.4750296861332
 -185.8810265538303
 -185.4907952070834
 -185.1392992194299
 -184.7494674131187
 -185.3228901305434
 -185.0343370662196
 -185.3950006018323
 -185.0155641486461
 -184.8894781996268
 -184.945377004378
 -184.7460205307629
 -185.0089990418957
 -184.6258688127277
 -185.1215565306375
 -184.6990566520532
 -184.7317100712664
 -185.1311956311529
 -185.2092139083413
 -185.1979228134356
 -184.7127155951154
 -184.5493269156307
 -184.3571724968749
 -184.4746310640338
 -185.1744990451109
 -184.722422025427
 -184.768226795281
 -185.3061493625157
 -184.8007807942644
 -184.6338653485373
 -184.7836572529687
 -184.5510374256811
 -184.613024811261
 -185.0894719751071
 -185.1226283161833
 -184.7311822511714
 -185.0645842887893
 -185.2321378712457
 -184.9697351046795
 -185.1604273205347
 -184.8834165005917
 -184.9141956168218
 -184.9933668760797
 -185.0776978126991
 -185.1111549155973
 -185.4872474865894
 -185.3040383710347
 -185.6125597576861
 -185.4845359511118
 -185.9458142143491
 -185.7023373022595
 -185.6912973169015
 -185.7215140707297
 -185.6093018351643
 -186.0931578084731
 -185.0767599016405
 -185.4682235841651
 -185.436332313254
 -186.0059583247089
 -185.4944933152142
 -185.1165575241268
 -185.5303507435883
 -185.6371601046365
 -185.5442213301591
 -185.5216110785636
 -185.3742560573428
 -185.635606577424
 -185.5387636795893
 -185.3913079868107
 -185.5312358528204
 -185.3068865338219
 -185.0690502259277
 -185.5041437451309
 -185.3625103924196
 -185.4410892496766
 -185.5759610430018
 -185.771702596338
 -185.6000211037226
 -185.2569085906589
 -185.3741035461219
 -185.5181551262091
 -185.2161396725336
 -185.2434769772849
 -185.1991760784467
 -185.5886737459378
 -185.6016461614979
 -185.7569187992422
 -185.4596126745389
 -185.6593659956527
 -185.7520872934753
 -185.2671325589318
 -185.2883042165381
 -185.2682564378666
 -185.336499747384
 -185.1823265060801
 -185.3804843487297
 -184.9704463653698
 -185.2525668708151
 -185.1310780149357
 -184.8966550210052
 -185.0234837642321
 -185.2331912782064
 -184.7829809904702
 -184.9903997098159
 -184.8557191270222
 -184.3200925888763
 -184.3698592593133
 -184.0922059244532
 -184.4076927775747
 -183.88965083966
 -184.4445564839971
 -184.0062865667821
 -183.6704892621862
 -184.1770873169694
 -184.4408497763971
 -184.6250842452002
 -184.7289989869476
 -184.3167502179506
 -184.5764471837666
 -184.2794253739245
 -183.9771417067916
 -183.570948476078
 -183.4805853299204
 -184.1397179919915
 -184.0833147894239
 -184.6023094717789
 -184.2176416997537
 -184.2045907904585
 -184.2504594547199
 -184.095722613541
 -184.3295014978216
 -184.3765221485827
 -184.3094926302002
 -183.9422360258575
 -184.0185246478821
 -184.5725331514228
 -184.5438159270959
 -183.9904572143126
 -184.7251276914295
 -184.6507248547966
 -184.6101342233649
 -184.2403097465368
 -184.8649277761611
 -184.1038618531883
 -184.8264124525145
 -184.4528529498742
 -184.3908258324431
 -184.7460969190282
 -184.335619517919
 -184.7450225734826
 -184.5981541919584
 -184.5968587575676
 -184.879829683689
 -184.7856656373787
 -185.2176406214201
 -184.7819310519231
 -184.6674554975597
 -184.5970351662164
 -184.3814112757818
 -184.7172061765691
 -184.7212610273685
 -184.3590438191802
 -183.2471855870569
 -183.6708236847918
 -183.220196907666
 -184.1693584916476
 -184.3471325247811
 -184.6885319076357
 -184.8641376003722
 -184.8215029335185
 -184.5776023850795
 -184.0146650156554
 -183.2957940279671
 -183.6271700530268
 -184.0864063500983
 -184.1943578637348
 -183.7485461821203
 -183.9972260553635
 -183.7780410029138
 -184.120580944097
 -183.8041164266799
 -183.8552756387855
 -183.511286926974
 -183.6782522594025
 -183.8474901011088
 -183.3312927087683
 -184.0755628988701
 -183.4407834597154
 -183.5437969831113
 -183.3335587162945
 -183.7047527945784
 -183.4233610356476
 -183.0229944559604
 -183.3578903252339
 -183.2486289681185
 -183.106041083015
 -183.7356607531552
 -183.3863883790857
 -183.0783932780423
 -182.9938659891463
 -183.097311432657
 -183.0300299317421
 -183.5993470435251
 -183.6259390945767
 -183.678117537972
 -183.658274372735
 -184.0740067543853
 -183.7858800477907
 -183.5913934070254
 -182.9861736636662
 -183.6395728587684
 -183.6821118303986
 -181.6557650839079
 -182.6599852516822
 -183.5286624370699
 -183.0644059738799
 -183.52393903314
 -183.6136699952722
 -183.3897893527808
 -183.237543344324
 -183.3757006492881
 -183.0566396875632
 -182.8839146920988
 -183.0134167517691
 -182.6675907140705
 -183.4549932802562
 -182.8243294730735
 -182.7955325670589
 -183.306610670512
 -182.86275000213
 -183.1873734101299
 -182.9891169060658
 -183.1004302488211
 -182.9960131053316
 -183.0258075718087
 -183.2940419262041
 -183.0143444172424
 -183.2842454461281
 -182.60415987094
 -183.3383406635737
 -183.1701659911412
 -182.9350564242083
 -182.8406627543559
 -183.2860985253866
 -182.7963515167643
 -183.2492961794842
 -183.1367282203141
 -183.3563062949111
 -183.1067740089766
 -183.2370447919662
 -182.606248221619
 -182.6722907894312
 -183.2412891680389
 -183.1418594563596
 -183.2825735471961
 -183.396551129929
 -183.2091023087242
 -183.6520321257644
 -183.4376807365654
 -183.0560166211413
 -183.5733386481589
 -183.0762267039258
 -183.4231972619004
 -182.3887154024401
 -182.412349991889
 -182.4427565126649
 -182.6120153331804
 -183.166882260447
 -183.0468748702974
 -182.9062069228994
 -182.5351250636876
 -182.8023251165581
 -182.6467519864999
 -182.4791443346541
 -182.5420862395611
 -181.9771110788383
 -181.9071758761899
 -182.4098956288637
 -181.7311406333033
 -182.2446931499745
 -181.9199872067443
 -182.0483212116393
 -181.9335296139948
 -180.8958300070655
 -181.966559443612
 -181.8176742042078
 -182.0652615060587
 -181.969613843964
 -182.0246602910241
 -181.9972050778318
 -182.1398363754215
 -181.7366371912686
 -181.7660289597478
 -181.7909420728936
 -182.2689357192409
 -181.9781799117715
 -182.368924264766
 -181.8957225757733
 -181.8560745921458
 -182.355179329296
 -182.5408566282169
 -182.3392085252047
 -182.3740274823829
 -182.6241275572209
 -182.3297201549627
 -182.4835430467016
 -183.1950567588471
 -182.8488307471009
 -182.9525959185302
 -182.8036147667044
 -182.7822379843283
 -182.5724432754886
 -182.5692894433176
 -182.1179865869673
 -181.6441588914574
 -182.4017586136884
 -181.5283956806634
 -182.1514869165637
 -182.231077525057
 -182.5168935099571
 -182.2491084700711
 -182.132534838251
 -182.6016778498623
 -182.0945198175542
 -181.8490103265665
 -182.0892218869374
 -181.611304337931
 -182.0606296478403
 -182.3162672165814
 -181.8217648768859
 -182.2087230622825
 -181.7927686304485
 -181.8273466129194
 -181.2858099691557
 -181.4513322858986
 -181.2700259190781
 -181.8194379759994
 -181.2725234055625
 -181.0054295250794
 -181.2500487991167
 -181.2119436868138
 -181.009995813885
 -180.869471179538
 -181.5375683829865
 -180.8989013848004
 -181.3012503341095
 -181.1854715705913
 -181.5303032848705
 -181.331365145714
 -181.541493950211
 -181.1998660979827
 -181.3327537185572
 -181.3073309848891
 -181.3677447766242
 -181.6172139256023
 -181.3136462994627
 -181.5234731810124
 -181.6285919511487
 -181.8043960521044
 -181.6588468995151
 -180.9181898083825
 -181.7770324785263
 -181.3712272439974
 -181.2813698040571
 -181.1223130466446
 -181.0737287938028
 -181.1117901175052
 -180.5946753805166
 -180.7831710912072
 -180.7654721627012
 -180.7265557996022
 -181.433873411216
 -181.092568210575
 -181.4550707690603
 -181.4114981743407
 -181.1069286723299


# name: mon_SdB_90
# type: matrix
# rows: 461
# columns: 1
 -175.2586333266429
 -174.6086057649705
 -174.4329298510974
 -174.0904781362431
 -175.6288318968167
 -175.3801614426483
 -175.4847777506596
 -175.1747307098767
 -175.3693768276049
 -175.6984917510283
 -176.1257095782098
 -176.0838375238823
 -175.6482520249277
 -175.1174960140687
 -175.830873397214
 -174.9506629468292
 -176.099201465508
 -176.3656398779124
 -176.657140109359
 -175.6853121706087
 -176.3860748554201
 -176.2834738931073
 -176.5143466705684
 -176.5445616365902
 -176.3771233983157
 -176.7062671824536
 -176.7455034058663
 -176.8676817423166
 -176.9564867986933
 -177.1526431419658
 -177.3304151158132
 -177.4294078482908
 -176.7490422955141
 -177.0326289975745
 -175.4846166956464
 -176.0247459180706
 -175.8104729316434
 -176.0139437522158
 -176.0984744844162
 -176.1231531440372
 -176.3075552052043
 -175.8465982232918
 -174.3069964554887
 -175.6584721764679
 -175.8246599178704
 -175.5960562182766
 -174.04734884866
 -174.7045264312053
 -174.6283195806337
 -175.8407330101504
 -175.1602667890121
 -175.0291407952429
 -174.8636185382812
 -174.7723125489646
 -174.676907526403
 -174.6601606506247
 -174.0335192405523
 -174.5094441750501
 -174.6458133782023
 -175.4354056014559
 -175.0071347504696
 -174.8838552898998
 -174.8959516016893
 -175.1164595710545
 -173.6901335067833
 -173.5388698796937
 -172.8793530293482
 -175.1982167708307
 -175.1756857866389
 -174.9535032702435
 -175.2869215869214
 -175.3434808979923
 -175.6108969956564
 -175.7518021447256
 -175.9504406614945
 -175.431665828196
 -175.1777161514804
 -175.4601347610211
 -175.6586572354943
 -176.0245988755641
 -175.5011926873339
 -175.837737599603
 -174.7504046428639
 -174.4350931918126
 -174.3994226871547
 -174.5743990966444
 -174.1896192335248
 -174.2020692286065
 -174.0225990428179
 -174.0072093087995
 -173.7651275721491
 -173.6373205146374
 -173.5263254479925
 -173.3477231018748
 -173.3699367302412
 -172.7711051118684
 -173.4578986164263
 -172.5480995333352
 -173.4166252525357
 -173.1541258417244
 -172.9295566824267
 -173.3675359731607
 -173.206552877122
 -172.4424543573434
 -172.7279197299522
 -172.5805606964178
 -172.4365179043002
 -172.5012626158822
 -172.6767430365686
 -173.297685928405
 -172.879764147677
 -172.6493596569296
 -172.8703593331541
 -172.0654995770561
 -173.043391173887
 -172.9694210962722
 -172.0230815597057
 -173.096089710371
 -172.7951814989202
 -173.1450405455402
 -172.6343413274971
 -173.67921458694
 -172.6961053008167
 -173.1657050243057
 -173.2418835269152
 -172.748343941107
 -173.5918992408479
 -173.4102071646807
 -172.7599094392247
 -173.2948370704133
 -172.8077649416349
 -173.1068320360961
 -173.880504870332
 -173.7993653780819
 -173.6952051936944
 -172.241418552331
 -171.9230870822948
 -171.7993314690885
 -170.9922490344784
 -171.1284701389336
 -171.3707466808584
 -171.9063907044473
 -171.3734248312898
 -171.6227063017654
 -172.7059719711336
 -172.2639794087075
 -171.1482335074337
 -171.3335683210306
 -171.7227658703376
 -171.8362083166771
 -171.0306817811727
 -170.256359762982
 -170.5431589984894
 -170.8734622037606
 -170.2883291640073
 -170.3757629542144
 -170.573331093493
 -169.2483140110017
 -170.7028507256846
 -170.2353243629003
 -169.6193486906292
 -170.3232430007985
 -170.7515456688058
 -169.970511500378
 -170.7551659418556
 -170.0544008806801
 -170.9886430191415
 -171.0718728888016
 -171.0770595853987
 -171.680071864422
 -171.7146064999212
 -171.688651116502
 -171.1211286653449
 -172.0887009466597
 -171.0828996895849
 -171.3646472018649
 -170.8317952910903
 -171.491926380762
 -170.8366860081202
 -171.0894708799349
 -171.3163540319854
 -170.8354183654393
 -172.0687421630375
 -171.6891479792596
 -171.9029441032247
 -171.714651479392
 -171.8168002497414
 -171.5382614487384
 -170.8264824860829
 -170.7598310862863
 -170.27678468898
 -170.5210149220646
 -170.089047183813
 -169.7063668921023
 -170.1764785524418
 -169.7035080881633
 -169.8002840050412
 -169.4327442543096
 -169.3247509469103
 -168.5985849238479
 -168.992550623236
 -167.9918004068462
 -168.0788250858253
 -168.1848861781093
 -167.5564497277867
 -168.0239627511156
 -167.5588683956489
 -167.7055584347857
 -167.1823801440637
 -166.9589899233831
 -167.107045947265
 -167.3016355375457
 -166.9725907904585
 -167.586418428844
 -167.438650341132
 -167.0261033793374
 -167.4390010748685
 -167.3250289337961
 -167.9485721035481
 -167.964134023441
 -168.2409532632286
 -168.1784974077745
 -168.3703997261294
 -168.6852731306286
 -168.5292746599816
 -168.2498093573241
 -168.1283065832368
 -168.2901434120931
 -167.6668611092995
 -168.7647642667388
 -168.1586472318303
 -168.7348535008338
 -168.8843147089999
 -168.4621693231041
 -168.8939048587182
 -168.6894727941326
 -169.2187931607537
 -169.2726821386591
 -168.9713419928685
 -169.1409045346447
 -169.0730164787875
 -169.0624534367308
 -169.2605016881209
 -168.8414112757818
 -168.969817639657
 -169.1342330510588
 -168.3709013695497
 -168.2043810895043
 -168.0175257852351
 -167.8870059884722
 -167.5790587248633
 -167.7582522271616
 -167.4921586364466
 -166.7778731604173
 -166.3395842569065
 -166.0335992465365
 -167.2465333988755
 -166.5090682915357
 -166.3269461122307
 -166.2873503819089
 -165.2884583262946
 -165.9677776452793
 -165.7717905322579
 -165.3487482001191
 -165.5223492569718
 -165.3914416952337
 -164.8306135048923
 -165.5719624755268
 -165.2200406328768
 -165.0079196731467
 -165.2635954041236
 -165.4682212545125
 -164.9956787934571
 -165.1955911323006
 -165.1549329197987
 -165.6066829628129
 -164.8003913314909
 -165.1349418152117
 -165.316091562656
 -165.5056572399179
 -165.4058108443104
 -166.1097865985828
 -166.4906627988734
 -166.107505970236
 -166.3545963076378
 -166.7821287995438
 -167.3166777245816
 -167.0053398531953
 -168.0229353737086
 -168.9047196292151
 -168.6417998458624
 -169.1823659210788
 -169.6325025285027
 -169.8111967161003
 -170.4265603603512
 -170.9198580250993
 -171.2833234293045
 -171.1590984730726
 -170.8026048908247
 -171.0569455809532
 -171.6307977101674
 -170.4154282314242
 -170.7829675695481
 -169.6821758018145
 -170.3638128177965
 -170.3038169123412
 -169.9128269326067
 -169.9537252013494
 -169.9462556740485
 -169.7891396101414
 -169.045481005966
 -169.7025654238753
 -169.2407108423147
 -168.9952203859357
 -169.2423635756986
 -168.7098707200179
 -168.8448945792857
 -169.223801410412
 -168.7599279321164
 -168.4041735025227
 -168.2455060549439
 -167.9728694523124
 -168.4955962171787
 -167.9386674044688
 -168.0697476018281
 -168.2880935503996
 -167.75555943399
 -168.0779498381746
 -168.71402254885
 -168.035084510524
 -167.8716981369265
 -168.2782491201178
 -168.2643741991649
 -168.5168942217799
 -169.2093520185384
 -168.7393495423586
 -169.0331813724204
 -169.0975528701591
 -169.333847891236
 -169.9524709825064
 -170.4665928959557
 -170.3085696671986
 -170.6103577497558
 -170.7369151074099
 -171.4372287532124
 -171.8165943615776
 -171.9679458363605
 -172.0867796534361
 -172.7072005398089
 -172.1119912181933
 -172.1345090422955
 -172.4221191979058
 -172.3394839365426
 -173.0371334514016
 -172.9419262212774
 -172.4223520316203
 -172.3194516238476
 -172.0282470223773
 -171.3528742886477
 -171.2291346136784
 -171.2504449213626
 -171.0490919758046
 -170.9800082247671
 -171.2121307340278
 -171.1275949962166
 -171.4834842299744
 -171.131472453437
 -170.9852114669618
 -170.7472005051014
 -170.7468403111773
 -170.6887900147656
 -170.847637503227
 -170.469613843964
 -170.8309480783097
 -170.5208828780617
 -170.786843858142
 -170.2433532682912
 -169.9140406057157
 -169.8377034194048
 -169.8903885045611
 -170.3472706630999
 -169.9277750203675
 -170.6782932059782
 -170.6156585047094
 -170.5945455277187
 -170.5996974285065
 -170.2413910077569
 -170.6794074509561
 -170.6036334528865
 -170.9567206288251
 -170.8475430467016
 -171.1812594200666
 -171.3148575646038
 -170.4438756936738
 -170.7271141641897
 -170.3079160561901
 -170.1339521771652
 -170.163713685022
 -170.3407919839206
 -170.1228427064784
 -170.4321527538243
 -171.0903353051406
 -171.601307393491
 -172.2155434341612
 -171.9735447213812
 -172.2093205071168
 -172.3080162780082
 -172.19632606711
 -171.7861446063675
 -170.7729215224234
 -170.1715306134134
 -170.1072312552333
 -169.7780444979524
 -170.3782880225189
 -170.7237455272389
 -170.4721299684356
 -170.7103121951282
 -170.8856014172241
 -170.2820099482603
 -169.7274607994676
 -169.3711587234334
 -169.4686055820587
 -169.3624125947201
 -167.7323689325209
 -169.564837202177
 -169.3250525996897
 -168.6146216855474
 -169.0678562914312
 -169.0598637727308
 -168.6857223646366
 -168.5742226769313
 -169.0380762031069
 -168.8616004670992
 -169.1130492954406
 -169.0552143554755
 -169.4515118049585
 -168.7387302028029
 -169.0054078313351
 -168.8834425688196
 -168.8395148422601
 -169.1324878541752
 -168.5000992587875
 -169.1778065308328
 -169.32786788416
 -169.4277563362309
 -168.8181911084181
 -169.2740375128502
 -169.2053748095185
 -169.1257590823811
 -168.7783610298404
 -169.6004005831719
 -169.4797222862694
 -169.0026442277534
 -169.6145871010118
 -169.3514033847708
 -169.739901581094
 -169.105824561489
 -169.6924705153749
 -169.4029742301987
 -169.4020181265024
 -168.61079705555


# name: mon_SdB_max
# type: matrix
# rows: 461
# columns: 1
 -171.1804426881513
 -170.3895240715527
 -163.819308577707
 -166.9936841635535
 -170.7817583293916
 -167.4400512817487
 -167.2972316386581
 -163.1973993335469
 -166.4343421839257
 -163.8249924618219
 -163.5827519817529
 -162.9240568851821
 -167.5008359489773
 -165.5752792426108
 -171.8906039509473
 -165.3516794984114
 -169.1295784756927
 -165.7317261238321
 -169.7539177430549
 -170.155719271962
 -164.6952844544618
 -162.9459727084513
 -165.3205042845251
 -162.3087070757893
 -167.7355004085003
 -161.2341901352312
 -168.7494864100072
 -169.2378237322345
 -159.7014188776828
 -154.8897693002729
 -164.3780184510065
 -161.2360262161949
 -162.0897447302279
 -163.9917467123388
 -160.9203195661492
 -160.7310540304136
 -162.995175806217
 -159.5156609119547
 -157.3823525700796
 -162.5538642480675
 -165.3627017459876
 -162.2744767705424
 -165.539457214371
 -162.1891031730026
 -164.8637776326348
 -163.9280392224175
 -162.616499262531
 -159.8674197511101
 -165.5311896193271
 -164.174556838096
 -162.2080474277123
 -141.0212419937209
 -162.0470726061838
 -161.8109360937176
 -160.6901306895246
 -166.7503559578719
 -162.6009147999076
 -163.4999038612278
 -169.2532328389245
 -163.5531431026764
 -167.0302167415823
 -166.5095614409167
 -166.004792861049
 -159.4185105006957
 -165.3540094679964
 -162.995556645601
 -159.6101496502023
 -160.9745502015486
 -161.808151189134
 -164.6497232046999
 -160.2269832094079
 -159.6053120240404
 -167.1173880939799
 -166.1824568323343
 -160.2186302651124
 -161.6072705092959
 -155.9342874092742
 -156.3982369115583
 -158.4939357957341
 -161.2616819609008
 -157.9179559609599
 -150.8877653516576
 -148.6034166714752
 -130.2371087002212
 -151.956054279948
 -158.6798553030249
 -162.9508503817759
 -165.4196364664432
 -161.178457440003
 -161.2005943294767
 -162.2893246289112
 -163.6254958068598
 -166.600612473262
 -168.0028818425151
 -153.0916358135835
 -165.5802916045632
 -166.1449721838514
 -166.8336398471575
 -164.846502518298
 -165.9840232770347
 -167.0377440620559
 -166.412766247217
 -163.4014634060093
 -163.2902700842919
 -165.3278202487459
 -166.2437121153181
 -159.7089786631825
 -164.5642916131468
 -158.8853541016076
 -162.798836342276
 -165.1605067057809
 -160.9005183975699
 -164.4773102128735
 -159.5407807942643
 -159.8879268055034
 -167.5878262964845
 -161.3959369342415
 -166.7847213031643
 -165.0432585461425
 -164.9870509186782
 -166.0880766903736
 -164.6273234236878
 -168.453678185068
 -165.8154233339583
 -164.1418835269152
 -157.9444415614089
 -165.4522211342891
 -166.4962132989089
 -164.8319864864471
 -162.7512972015737
 -157.3273572673161
 -165.6537625593281
 -162.5876356782249
 -165.0556946917521
 -160.2583483977273
 -165.409478818315
 -159.7850984862715
 -165.5499312774901
 -162.1004605758045
 -160.5757438627618
 -163.3921582255449
 -162.8057809890235
 -160.7051735726137
 -160.1941045438766
 -161.4969437135336
 -161.2720845653878
 -159.5122922389081
 -162.2221635844338
 -163.6287808228959
 -159.5177448474706
 -158.4892581452212
 -161.876359762982
 -165.1848720683971
 -163.7879440379153
 -163.4453929097885
 -162.6325161397723
 -163.5025745144871
 -162.8675978130335
 -164.1944688650615
 -160.5082909395941
 -162.2076803413798
 -163.686444690716
 -163.5234787020219
 -163.3261441777451
 -164.303326318351
 -161.5252590685662
 -163.4124410678533
 -163.2210343821433
 -164.4476405696593
 -162.812071864422
 -163.6499754751681
 -164.187899477215
 -163.4970140321042
 -164.9558154465789
 -164.5065383974044
 -164.6445835337153
 -161.5037952910904
 -163.7740657993751
 -164.8841038358673
 -163.9733285939585
 -164.7415405246802
 -164.7066905058248
 -165.5687576534048
 -164.4850767421059
 -167.2495870999947
 -167.3634837642321
 -164.0044672376679
 -166.414837946277
 -166.0077287331514
 -165.9070875342288
 -166.2526704822117
 -164.2934725543269
 -165.7506816358938
 -165.0502449777657
 -165.1096495396243
 -164.7662883105603
 -164.8556004871862
 -165.0448188285941
 -164.5002274022397
 -163.7129100423811
 -163.475168925554
 -163.4020396573859
 -160.62385281026
 -163.8822928248094
 -162.9347845686626
 -163.4253289180132
 -162.0006080044099
 -162.7274147568904
 -161.8792498793825
 -161.5510701091485
 -161.4194361165512
 -163.0472994325724
 -162.8741311042808
 -161.5501580594002
 -162.9978364225706
 -162.5288699050282
 -161.124407515342
 -161.365877509961
 -162.7832227244164
 -163.2977029556862
 -161.0995173798092
 -163.3783969113564
 -163.9443847735711
 -163.5676476435912
 -162.8844976916635
 -162.6307398625929
 -163.5880210450634
 -163.0390116765464
 -163.6493037044411
 -161.6042359815278
 -163.2261888184825
 -163.4831052795587
 -164.056682489607
 -163.989392354786
 -161.4409374002674
 -164.9965920925288
 -159.030314963948
 -161.9472280075934
 -159.5438929768178
 -163.6261748047982
 -163.4208748759725
 -163.777742522829
 -163.7809066526473
 -160.7703532449641
 -162.708742680313
 -159.1702759284645
 -161.4578591296605
 -162.1216406237478
 -162.2317210924822
 -159.1074235969365
 -161.1833747331457
 -160.9624963676166
 -160.9249124081132
 -161.8794347257985
 -162.106435012508
 -160.9206759525046
 -160.4206442097179
 -160.8428230252317
 -158.3646712376829
 -161.7910523450563
 -160.2789180124723
 -158.7821716691577
 -159.3907482923688
 -161.013806721604
 -157.9269028722352
 -160.5918129185831
 -159.7165647519333
 -159.6077867027643
 -160.0478867114832
 -159.8853550054622
 -159.6411110389208
 -159.8522212545125
 -159.9438228573238
 -160.3438705794162
 -160.4960254626918
 -158.7857181508992
 -160.1128532633745
 -157.4650218249575
 -159.900012851911
 -160.5092753792947
 -160.4040666004823
 -160.0681023087768
 -159.4271145891117
 -160.7751195212022
 -160.6758846751866
 -161.252521639644
 -160.7991402609745
 -162.5267453674294
 -162.6347690487775
 -162.6113291368778
 -163.7309871185257
 -162.6477309426786
 -164.4104268731992
 -163.9376394064189
 -163.827417833001
 -165.2627765459632
 -165.5693601911117
 -166.1422611343915
 -165.6488536625222
 -165.0777548925547
 -166.8115686351989
 -166.318174424937
 -165.207894002123
 -165.0488710461987
 -165.1249740332371
 -165.5473704518144
 -166.3921561742894
 -165.4269436893634
 -161.4736608922241
 -163.2635055408553
 -164.7637202565057
 -164.8671991294457
 -163.5570568556184
 -164.4788700135903
 -161.9504643343168
 -163.84541230667
 -164.4851112473314
 -163.3061293321633
 -164.1960131053316
 -163.8370815933318
 -151.162074496633
 -163.0414179846675
 -164.2313190135532
 -162.0452160468905
 -163.286399692743
 -162.0775003243327
 -162.809085621731
 -163.15606087284
 -163.9434615708125
 -163.6604661376851
 -163.3232346406704
 -164.2131741607738
 -163.9300983874583
 -163.0929728396067
 -164.1852648285401
 -163.5377201418282
 -162.8605095460264
 -164.3901545462547
 -161.7563916187098
 -163.3576219213134
 -162.9599818188421
 -164.8634963326026
 -164.4293971473642
 -164.1642981264898
 -167.1523180164609
 -166.9721214028385
 -166.251758591317
 -164.5771894600672
 -162.9316840530826
 -164.3320648255581
 -165.6490653633281
 -165.3631740738207
 -162.5290242503649
 -168.9171334514016
 -166.1540032684998
 -163.2755858225698
 -162.926849947752
 -161.8790402913738
 -163.4618534819689
 -164.9590572422965
 -167.8594855918009
 -165.3144498977129
 -165.491720464531
 -164.8569986433855
 -166.3072950635651
 -164.3920598185472
 -163.6873695857567
 -166.1966344507481
 -163.2798427929203
 -165.9834740167476
 -159.5362179316816
 -164.2499639407726
 -159.6726428412286
 -154.3646394169591
 -164.209753610187
 -162.9998752991674
 -163.5329385865882
 -158.6426002175416
 -156.0941669156609
 -158.8355787160109
 -160.925629225517
 -160.1782738357114
 -162.2754778954978
 -153.615271799723
 -161.6556983385378
 -160.0458601080143
 -161.1150164947943
 -161.51895905989
 -159.9143037292754
 -161.0379073661843
 -158.2965465264988
 -165.6520974292853
 -164.5422869534813
 -162.4147827642819
 -166.3746882407477
 -160.0787839164257
 -162.8924432754885
 -166.5255908386373
 -165.4289051078312
 -166.4870772107154
 -162.653122456524
 -164.7120252187576
 -166.7784891235311
 -165.4478035035339
 -165.0259859654419
 -160.9021823616558
 -163.3671854591193
 -166.4598664715706
 -160.8176981458407
 -161.0378515859263
 -163.7418224441606
 -161.4182850159039
 -158.2109853627812
 -162.0883684150594
 -164.2107264167178
 -165.1816311530916
 -164.3206401168794
 -164.1734794330399
 -156.5011276630246
 -157.010276109948
 -154.1201063116185
 -164.6477577673107
 -163.4109901519597
 -160.3012101918807
 -161.0185973314718
 -161.9539181693465
 -159.0858738297009
 -157.8344746593353
 -164.7725631981145
 -163.1465888329532
 -161.684374904933
 -163.70675993814
 -164.7649694423462
 -159.5762353768791
 -158.5840548348667
 -165.7099264735055
 -163.1967623324709
 -158.9165665719753
 -165.1258767842598
 -164.3460551849621
 -162.9563554467776
 -163.230337060628
 -160.3872014588113
 -165.334468492846
 -164.0002164673913
 -159.8151608111179
 -158.843415030817
 -164.6724139813565
 -162.3488325564244
 -164.4328090971283
 -159.7120046716552
 -159.2502687103315
 -155.647745547233
 -165.7831710912072
 -163.271533701515
 -160.6918605552181
 -157.1523076266562
 -160.62380055858
 -157.4350707690603
 -158.8430722508987
 -158.0655142429086


# name: mon_SdB_med
# type: matrix
# rows: 461
# columns: 1
 -181.8668172011139
 -181.0425979631373
 -181.4079401705003
 -181.2637867282432
 -182.084191091555
 -181.869948717059
 -181.6831875572907
 -181.9854356130811
 -182.2855009245659
 -182.194636746881
 -181.9377485019557
 -181.9989059463751
 -182.2245680332102
 -182.0023528100359
 -182.346734070717
 -181.4892127520142
 -182.4650949624189
 -182.7656398779124
 -182.7188172516155
 -182.4045605313218
 -182.6928516922985
 -182.881041130944
 -182.4394481085746
 -182.4087070757893
 -182.5710168952266
 -182.5042926999209
 -182.8494864100072
 -182.7756817423166
 -183.3989861155195
 -183.2897693002728
 -183.3755856888431
 -183.5891001077796
 -183.5792850440502
 -183.5055195492058
 -182.128863393395
 -182.0172528610437
 -181.4055413541362
 -181.5210173196409
 -181.8472841475868
 -181.6844617302427
 -181.8590822464651
 -181.8474032031173
 -181.7609886536555
 -181.8942741601851
 -181.7958225791894
 -181.2280392224175
 -180.8543572726132
 -181.4802180611927
 -181.3383350890423
 -181.457063207624
 -181.5431158502051
 -180.9340403038034
 -181.4653790073319
 -181.1786058962439
 -181.0344407800058
 -181.487857142528
 -181.2182595073662
 -181.287521546432
 -181.1019588174015
 -181.4847219018796
 -181.9998610266413
 -181.212089730226
 -181.6879965482439
 -181.4933595618887
 -181.2090059881991
 -181.1600401588748
 -180.472792078932
 -181.5745502015486
 -181.5631477093367
 -181.3966493131153
 -181.6963857272327
 -181.5053120240404
 -181.4903145265548
 -181.4812700949752
 -180.9873979171075
 -181.1262143333454
 -180.9342874092741
 -180.8333053340511
 -181.1593920021145
 -181.1480564738634
 -181.0990888226086
 -181.2389240922978
 -181.5217230726233
 -181.1674644151621
 -180.6911547713876
 -179.9798553030248
 -179.7579975565658
 -179.6220692286066
 -179.6083548753133
 -179.4690518771765
 -179.6995062987587
 -180.0014106336448
 -179.9901527870842
 -179.7768740406819
 -179.5440965724657
 -179.6992354286126
 -179.7449721838514
 -179.6440995333353
 -179.540723746231
 -179.886456039198
 -179.8998860519737
 -179.6886810740018
 -179.9527374275324
 -179.7902700842919
 -179.5670152689204
 -179.3677972885332
 -179.40535916366
 -179.2662660956795
 -179.5549983866666
 -179.7092960284537
 -179.4254382832881
 -179.6764332243547
 -180.0651887601241
 -180.0540531923195
 -179.7182825204443
 -179.4747251739793
 -179.0205777395033
 -179.6334472816413
 -180.8361130764274
 -180.1300799159428
 -179.5626828395691
 -180.5752222252099
 -180.3536781850679
 -180.2803549114655
 -180.3067830354757
 -180.2932828207687
 -179.8845513317627
 -180.2085956137047
 -180.4300120039144
 -180.2863976930132
 -180.2831027838085
 -180.6537625593281
 -180.8804902085097
 -180.9081554506343
 -180.5766205074149
 -180.4199385044927
 -179.9712973169015
 -179.8978300790121
 -179.2142334126715
 -179.4757438627618
 -179.8921582255449
 -179.7882235841651
 -180.056332313254
 -180.0590361213839
 -180.2102161115886
 -180.0552882525826
 -179.4260650757752
 -179.6201891019011
 -179.5903051114554
 -180.0213335585113
 -180.2872836626885
 -180.1711887757995
 -180.0673146635386
 -179.9060416981318
 -179.8244746032064
 -179.664846337246
 -179.6889490274497
 -179.4237279328033
 -179.7319700497175
 -179.5457300549384
 -179.3973147934605
 -179.7219611774423
 -179.3755799004998
 -179.30205900453
 -179.1912048656016
 -179.3531820213438
 -179.3459580026861
 -179.8565508688695
 -179.5854985797414
 -179.9928427894534
 -180.0708937817503
 -180.0599765244375
 -180.4146208930718
 -180.0362835591878
 -179.7274567039865
 -179.814686098405
 -179.8712259800035
 -179.487838636242
 -179.4144595508082
 -179.2012515467361
 -179.5836049471616
 -179.6445485159069
 -179.8958312208298
 -179.8024214495645
 -179.8723052766384
 -179.6013417743142
 -179.7152062307648
 -179.8184574457995
 -179.5416424872317
 -179.1633889295485
 -179.5201011711249
 -179.3109504147625
 -178.8799143221643
 -178.6877782313685
 -179.1907057155749
 -178.9119587441523
 -178.3556004871862
 -178.7343591424164
 -178.9358029228916
 -178.7579135221784
 -178.7666250983083
 -178.9346089684727
 -178.946973408692
 -179.0430978046349
 -178.7575027453064
 -178.7609044386653
 -178.5563535209024
 -178.4457211580386
 -178.154547004809
 -178.3490956266157
 -178.1579118279918
 -177.9408686676864
 -178.1722084756627
 -178.0875156306705
 -178.2189825384698
 -178.2800003131655
 -178.5296320615138
 -177.9313337163415
 -178.4083736632234
 -178.5749847790425
 -178.80640240109
 -179.0764742827383
 -178.8659162128556
 -178.7133180771832
 -178.9027698013511
 -178.8465559564568
 -178.7880210450634
 -178.6793091086604
 -179.042158234726
 -178.7499064151198
 -178.4597057533152
 -179.0455720259558
 -179.1998969073753
 -178.9280802768013
 -179.2513970864452
 -179.393003381488
 -179.5198552777703
 -179.8214914502606
 -179.6550196167903
 -180.2261748047982
 -179.9439954744045
 -180.077742522829
 -179.9297479120071
 -179.7216272664872
 -179.6788452450027
 -179.8018183807647
 -179.3901893271342
 -178.3283810895043
 -178.9667895149751
 -178.9211964338035
 -179.672915046968
 -179.9286459633131
 -179.5969894553355
 -179.6977068354862
 -180.0310758177698
 -179.797221884602
 -179.4663146433099
 -179.2102537141448
 -179.1821648681548
 -179.016788902389
 -178.9245884460643
 -179.1959445060246
 -178.8927227749014
 -178.9751187995887
 -178.7998293048101
 -178.9543117339271
 -178.8686659504113
 -178.61975042323
 -178.6514754225241
 -178.817924316549
 -178.9750247930011
 -178.5541438831306
 -179.2167492898987
 -179.1517172943866
 -179.047184203332
 -178.7689218380941
 -178.326478750412
 -178.5161805655978
 -178.7797838221447
 -178.7479633013101
 -178.6363967979559
 -178.9886156114003
 -178.7782449972489
 -178.9542012146201
 -178.8576125654989
 -179.052521639644
 -178.7421692582391
 -178.999347043525
 -179.3347690487775
 -179.3113291368778
 -179.4010896832154
 -179.3907599399432
 -179.4355778120062
 -179.2252570916231
 -178.927417833001
 -179.3307315994086
 -178.9625833542333
 -177.7548088996276
 -178.3524731620446
 -178.4897186130205
 -178.8482913406393
 -178.6693331655771
 -179.3011171652446
 -178.5697893527808
 -179.0898735417976
 -179.0772678871248
 -178.9940788029075
 -178.3706422940437
 -177.7186643720214
 -177.8321834258611
 -177.8653820230774
 -177.9196598883279
 -177.8058981149781
 -177.9980990885588
 -177.8247277769841
 -178.04541230667
 -178.1105648232694
 -178.0925038451259
 -177.7448543646913
 -177.6370815933318
 -177.9245412430302
 -177.6535394374169
 -177.6313190135532
 -177.9772609934451
 -178.1091178693866
 -177.563515276891
 -177.4338082178474
 -177.4468512737983
 -177.4083931483197
 -177.560466137685
 -177.8256674028337
 -178.078105738281
 -177.6300983874582
 -177.6844290123609
 -177.9529346310664
 -177.797939503128
 -177.9605095460264
 -178.2526212926519
 -177.9696640167649
 -178.2133968071446
 -178.4156717283609
 -178.7515326121368
 -178.7274745187461
 -178.8946538414307
 -178.4073663905783
 -177.9745541650018
 -178.0645569013995
 -177.4221410859498
 -177.3420496010019
 -177.9969964030653
 -177.8490653633281
 -178.6390889006055
 -178.5720532476294
 -178.7190560800197
 -178.7273061898507
 -178.4936834827863
 -178.5643511324081
 -177.9894999775516
 -177.8419270893337
 -177.9831424155117
 -177.4594855918009
 -177.2371680743566
 -177.3020860124502
 -177.3569986433854
 -177.5542211719804
 -176.8920598185472
 -177.164651409113
 -177.0558356753869
 -175.9447423014808
 -176.9698485297102
 -176.994493809534
 -176.7825332518595
 -176.8025402765389
 -176.9300956233395
 -176.9547570899843
 -177.0979526705493
 -177.1899095893236
 -176.972892158096
 -176.8131107397104
 -176.3582968926546
 -176.5743552039939
 -176.9645009988444
 -177.0866045354703
 -177.0310878935869
 -177.1537238560051
 -176.7774025603144
 -177.1890086929611
 -176.7915607359857
 -177.4712747320108
 -177.3379073661843
 -177.8269022414398
 -177.7060203484367
 -177.5185548692485
 -177.6147827642819
 -177.6225870422697
 -177.3787839164257
 -177.4354722727532
 -176.5806392127546
 -176.7708523594434
 -176.5610694088822
 -176.5772076297391
 -176.9994774535216
 -177.5064120763087
 -177.699077525057
 -177.4867909452674
 -177.922411391422
 -177.9372880238089
 -177.5295107566296
 -177.3851288347538
 -177.0378515859263
 -176.6981238394803
 -176.6182850159039
 -176.835626168043
 -176.2362672165814
 -176.7265425105818
 -176.249300955618
 -176.5344129537464
 -176.45967826367
 -175.9524016845477
 -175.9426063074216
 -176.0521890192767
 -175.8458351386926
 -176.1361410907668
 -173.9012101918807
 -175.942682504687
 -175.9539181693465
 -176.0617071124118
 -175.7648303742762
 -175.4777877442863
 -175.3150463806531
 -175.684374904933
 -175.6956332981675
 -175.5787422792131
 -176.1742608943464
 -176.0319536363887
 -176.2118491021236
 -175.4967623324709
 -176.1029410849379
 -175.6557742195701
 -176.2484879471254
 -176.4013606316495
 -176.5291503232688
 -176.4891759413441
 -176.4098276875842
 -176.1002164673914
 -176.6905200058561
 -176.4055570207349
 -176.268794481834
 -175.8616308665068
 -176.0747563487404
 -175.9120046716552
 -176.4574158851213
 -176.4582052334108
 -176.8043172071064
 -176.7285047042504
 -176.8189341226432
 -177.1073560007736
 -177.2997153853648
 -176.9330962865276
 -176.5909710524207
 -176.6689480219768


# name: mon_SdB_min
# type: matrix
# rows: 461
# columns: 1
 -189.7207401202653
 -189.561865299214
 -189.6424437573769
 -189.2381024384372
 -189.4749814925133
 -189.3657001694899
 -189.4024548933673
 -189.4419920453375
 -189.3787604588094
 -189.6057633868535
 -189.5560549031038
 -189.6903621191292
 -189.7324147481806
 -189.6196975174945
 -190.0549865562764
 -190.696097773295
 -189.9843622984956
 -190.1113103115044
 -189.5995881766469
 -189.7437555514962
 -189.6163394488771
 -189.681041130944
 -189.1944964826919
 -188.7599810973124
 -189.7390891195412
 -189.617393822426
 -189.4494864100072
 -189.0939538520043
 -189.4014188776828
 -188.5873365381095
 -188.8688088519647
 -188.5663819311359
 -189.189744730228
 -189.2797829918731
 -189.154014332202
 -189.2104760241652
 -188.7306922929432
 -188.8190946910229
 -188.8198858236824
 -188.6355921383799
 -188.5861558138902
 -188.7725541419243
 -189.1869964554887
 -188.0266043576588
 -188.7162383915171
 -188.9658972324996
 -188.5595282597956
 -188.4777852990294
 -188.6494617290147
 -188.8247330101504
 -189.1080474277123
 -187.8036845888625
 -187.9901016034484
 -188.9460365851571
 -188.1801112135978
 -188.2686280675595
 -188.0113744860853
 -187.9999038612278
 -188.5532328389245
 -189.4644928721134
 -188.7653172330218
 -188.2884153250174
 -187.9697244385563
 -188.295792324052
 -188.3520349854637
 -188.395556645601
 -188.8421945967569
 -188.9306803213184
 -188.0752691620861
 -188.4946748305825
 -188.5781136175451
 -188.2470724930912
 -188.255246104062
 -188.5163705864147
 -188.0699042866355
 -188.2561117686558
 -187.6446529571934
 -187.9982369115583
 -187.7919613132014
 -187.6375967876857
 -188.3015215847719
 -188.7269603718321
 -188.2464456687398
 -188.1351342176885
 -188.6237240824744
 -187.6693956168471
 -187.8010265538304
 -187.4707952070835
 -187.5107876374767
 -187.4481335705944
 -187.0127786968138
 -187.4135320863942
 -187.0901527870842
 -187.1541558640382
 -187.3105796376329
 -186.9315656260863
 -187.2203313785896
 -188.4089990418958
 -186.8977765398211
 -187.0091742158417
 -187.5979634233557
 -187.4867584453837
 -187.4773782327942
 -186.9661849110768
 -187.4670152689204
 -187.5541718014958
 -186.9445541838345
 -186.9874122115787
 -186.9340800800845
 -187.0418653395406
 -186.7605067057809
 -187.1947396255029
 -187.5213188798939
 -187.2227310773253
 -187.3182825204443
 -187.0316961767147
 -186.9186551108853
 -186.7523911056907
 -187.1644046620417
 -187.4249089287603
 -187.5189842348888
 -187.8647625390321
 -187.453678185068
 -187.0803549114654
 -187.1043502733123
 -187.0184337595757
 -187.3653222567943
 -186.7411649247915
 -187.4991044593992
 -188.2320681266052
 -187.8628737540423
 -187.5291217540664
 -187.1987623181974
 -187.7316095185369
 -187.9958495823834
 -187.8848380130532
 -187.2737300790649
 -188.2978300790121
 -187.4142334126715
 -188.838210609159
 -188.0973292127273
 -188.0412974757497
 -187.6752761373034
 -187.7192554826836
 -187.455219591386
 -187.8370161428949
 -187.6332105454904
 -187.2892815573859
 -187.4391463708151
 -187.4930419728969
 -187.8547143516016
 -188.2454522184668
 -187.6223111837413
 -188.0094754771999
 -187.4003894299912
 -186.9624135750828
 -187.0234928210693
 -187.6405242456085
 -187.4295372875542
 -187.5835880650205
 -186.9214815107498
 -187.4238838060603
 -187.6110963872261
 -187.1450880017946
 -187.2016645517793
 -187.6232845860335
 -186.8815335233381
 -188.1963315075697
 -187.9476405696593
 -187.7028622653802
 -187.2988167345279
 -187.4903322393784
 -187.902238578276
 -187.6686137566614
 -187.5945746769386
 -187.2095151112225
 -187.9057697736231
 -187.4480579975418
 -187.4391003560699
 -186.9944747098577
 -187.4800162361208
 -186.53077567904
 -187.3939085922117
 -188.1850767421059
 -187.0983130784716
 -186.736410196807
 -187.350722717491
 -187.339988885084
 -187.004109233629
 -187.0633889295485
 -186.8077188563291
 -186.4109504147625
 -186.4506816358938
 -187.5334486649605
 -186.5395469749346
 -186.3119587441523
 -186.1692259742236
 -186.0448188285941
 -186.1615394802244
 -186.3233697285588
 -186.575168925554
 -186.7294379812903
 -186.9912834991732
 -186.5080293821421
 -186.202454371189
 -185.7241421806541
 -186.5830505995515
 -185.6652727669725
 -187.2920481894651
 -185.7060666293512
 -185.9058106295138
 -186.1600977426549
 -185.8845907904585
 -186.9615078288373
 -186.2906909528554
 -185.7542637558328
 -186.1420143763096
 -186.1639030274283
 -186.2728571764972
 -186.1374835943864
 -186.5871350650134
 -185.921425908621
 -186.6782985276514
 -186.4754943585616
 -186.66398438904
 -185.9791252675437
 -186.1008193551459
 -186.3130038747132
 -186.942158234726
 -186.3120826964982
 -186.7812371925998
 -186.1593731953258
 -186.8281884929898
 -186.989392354786
 -186.2409374002674
 -187.8865726166021
 -186.4927817103452
 -187.3523989947758
 -186.8110109497699
 -186.786394166098
 -186.3759232500899
 -186.777742522829
 -187.1548988508141
 -186.2023981915187
 -187.6808197275354
 -186.5493576218824
 -186.3269515851453
 -186.3796551110274
 -186.3368920796648
 -186.2814157951033
 -187.0482742417063
 -186.8074998474139
 -186.708116095308
 -186.7846057129811
 -186.5741048150343
 -187.0768060722743
 -186.2206442097179
 -185.4763399600645
 -186.4076184440928
 -185.6893905784847
 -186.8063163363767
 -185.5959445060246
 -185.3907482923688
 -185.8477204756843
 -185.5249802436171
 -186.2145310952269
 -185.9814642604938
 -185.3061249361926
 -185.5606850215658
 -185.4310254390541
 -186.1289477121525
 -186.0646035693083
 -185.5167492898987
 -185.2087700879767
 -185.9792291498866
 -186.6506497284064
 -185.377752771935
 -185.7582449880791
 -185.1797838221447
 -184.9955025424278
 -185.4171677229874
 -185.2236840338931
 -185.5090648721726
 -185.3962656371015
 -185.0758846751866
 -185.0824190749543
 -184.9095999471522
 -186.0642465520856
 -185.6969453301559
 -185.878759825791
 -185.433419880689
 -185.8477309426787
 -185.9496218933737
 -185.9252570916231
 -185.2599871440879
 -185.2820056209317
 -185.5394627558014
 -184.4291600118864
 -185.2512864246854
 -185.6523610417503
 -185.428364948004
 -186.0557076785398
 -185.7779965668126
 -186.3228632443654
 -185.7806639427559
 -185.722647855698
 -185.2627566879133
 -184.7943743782765
 -185.5841205784018
 -185.3296551365518
 -185.3286197650662
 -185.0160403888054
 -184.9708296924853
 -185.088889489517
 -185.0556353214993
 -185.3753097419803
 -185.302718108299
 -185.6481937546446
 -184.5448543646913
 -184.9721820847713
 -185.7245412430302
 -184.6414179846675
 -185.2434404663026
 -184.6589888837575
 -185.6215001841825
 -185.2192607933834
 -185.1661384153211
 -185.3911613642796
 -185.4155386180348
 -185.4778108451437
 -185.1933372053601
 -185.278105738281
 -185.8054575821965
 -185.0965923391292
 -184.6852648285401
 -184.6172068392047
 -185.3327589020401
 -185.679694860077
 -185.9257941365347
 -185.1576219213134
 -185.6224485652393
 -185.2772691694695
 -185.8398568335419
 -185.7297543328702
 -184.9822154517713
 -185.6745541650018
 -185.5270557167434
 -184.889571774863
 -185.3812446211763
 -184.3832235661983
 -185.4611868160774
 -186.805238496302
 -185.1043834451031
 -185.9190560800197
 -185.0070771600844
 -184.5094995766502
 -184.6320209349344
 -184.203125464589
 -184.9811221095082
 -185.4020862395611
 -184.1594855918009
 -184.184094182772
 -185.0852896996451
 -184.3852902289998
 -184.1213391449325
 -183.8553371131068
 -184.164651409113
 -184.1171477533716
 -182.5423095393175
 -185.6024178407971
 -183.5616117824861
 -183.4124306871698
 -184.1857439637337
 -183.9925623697367
 -184.207830981569
 -184.717220006626
 -184.7879869607056
 -183.9553985276241
 -183.5430081750207
 -184.0355787160109
 -184.0607297169566
 -183.9065654213258
 -184.5034008482754
 -184.9584862174913
 -183.9556983385378
 -184.5438856254816
 -185.2287893316613
 -184.2791784211899
 -183.9833961847602
 -184.5174915538566
 -184.3515430467016
 -184.5794957531897
 -185.3246800925137
 -184.2219299390717
 -185.4102047274739
 -184.1022379843283
 -184.6485733952584
 -184.9204198514548
 -184.2457014206364
 -184.273451723678
 -184.9092525762938
 -183.7538070199296
 -184.5765146409984
 -184.6217957017007
 -184.9892237074307
 -184.9145646764516
 -184.9321170366265
 -185.1949669630101
 -183.9867906013255
 -184.9210552731211
 -184.2550948422157
 -184.4832165934111
 -184.0917562878128
 -184.1688365276683
 -183.8591118216686
 -184.4706545636826
 -183.9395839409289
 -184.5966146127098
 -184.0200714870741
 -183.3051051227655
 -183.8575454269628
 -183.7231169620489
 -183.8485234055626
 -184.2661417693878
 -183.4564553415539
 -183.419374375727
 -183.897223599138
 -183.7556207752345
 -183.3918318256537
 -182.9326037855115
 -183.2332161642928
 -184.10675993814
 -183.6513439553088
 -183.6873620168516
 -184.5944203827859
 -183.1548780993882
 -183.5142401929064
 -183.9046028515095
 -183.1011541881433
 -183.1392783480836
 -183.6013606316495
 -183.5199407242271
 -183.2820304716289
 -183.0325458642279
 -183.6809873924228
 -182.9256204972956
 -184.543415030817
 -183.893945420641
 -182.8967313579464
 -183.7145369874406
 -183.0650785632398
 -182.9024193649186
 -183.0582052334108
 -183.3502890641593
 -183.0663627143325
 -182.7189341226432
 -183.1654087491614
 -184.0427443826295
 -183.0350707690603
 -184.1988177673911
 -183.4270007703646


# name: freq
# type: matrix
# rows: 461
# columns: 1
 1
 1.00108
 1.00217
 1.00325
 1.00434
 1.00542
 1.00651
 1.00759
 1.00868
 1.00976
 1.01085
 1.01193
 1.01302
 1.0141
 1.01518
 1.01627
 1.01735
 1.01844
 1.01952
 1.02061
 1.02169
 1.02278
 1.02386
 1.02495
 1.02603
 1.02711
 1.0282
 1.02928
 1.03037
 1.03145
 1.03254
 1.03362
 1.03471
 1.03579
 1.03688
 1.03796
 1.03905
 1.04013
 1.04121
 1.0423
 1.04338
 1.04447
 1.04555
 1.04664
 1.04772
 1.04881
 1.04989
 1.05098
 1.05206
 1.05315
 1.05423
 1.05531
 1.0564
 1.05748
 1.05857
 1.05965
 1.06074
 1.06182
 1.06291
 1.06399
 1.06508
 1.06616
 1.06725
 1.06833
 1.06941
 1.0705
 1.07158
 1.07267
 1.07375
 1.07484
 1.07592
 1.07701
 1.07809
 1.07918
 1.08026
 1.08134
 1.08243
 1.08351
 1.0846
 1.08568
 1.08677
 1.08785
 1.08894
 1.09002
 1.09111
 1.09219
 1.09328
 1.09436
 1.09544
 1.09653
 1.09761
 1.0987
 1.09978
 1.10087
 1.10195
 1.10304
 1.10412
 1.10521
 1.10629
 1.10738
 1.10846
 1.10954
 1.11063
 1.11171
 1.1128
 1.11388
 1.11497
 1.11605
 1.11714
 1.11822
 1.11931
 1.12039
 1.12148
 1.12256
 1.12364
 1.12473
 1.12581
 1.1269
 1.12798
 1.12907
 1.13015
 1.13124
 1.13232
 1.13341
 1.13449
 1.13557
 1.13666
 1.13774
 1.13883
 1.13991
 1.141
 1.14208
 1.14317
 1.14425
 1.14534
 1.14642
 1.14751
 1.14859
 1.14967
 1.15076
 1.15184
 1.15293
 1.15401
 1.1551
 1.15618
 1.15727
 1.15835
 1.15944
 1.16052
 1.16161
 1.16269
 1.16377
 1.16486
 1.16594
 1.16703
 1.16811
 1.1692
 1.17028
 1.17137
 1.17245
 1.17354
 1.17462
 1.1757
 1.17679
 1.17787
 1.17896
 1.18004
 1.18113
 1.18221
 1.1833
 1.18438
 1.18547
 1.18655
 1.18764
 1.18872
 1.1898
 1.19089
 1.19197
 1.19306
 1.19414
 1.19523
 1.19631
 1.1974
 1.19848
 1.19957
 1.20065
 1.20174
 1.20282
 1.2039
 1.20499
 1.20607
 1.20716
 1.20824
 1.20933
 1.21041
 1.2115
 1.21258
 1.21367
 1.21475
 1.21584
 1.21692
 1.218
 1.21909
 1.22017
 1.22126
 1.22234
 1.22343
 1.22451
 1.2256
 1.22668
 1.22777
 1.22885
 1.22993
 1.23102
 1.2321
 1.23319
 1.23427
 1.23536
 1.23644
 1.23753
 1.23861
 1.2397
 1.24078
 1.24187
 1.24295
 1.24403
 1.24512
 1.2462
 1.24729
 1.24837
 1.24946
 1.25054
 1.25163
 1.25271
 1.2538
 1.25488
 1.25597
 1.25705
 1.25813
 1.25922
 1.2603
 1.26139
 1.26247
 1.26356
 1.26464
 1.26573
 1.26681
 1.2679
 1.26898
 1.27007
 1.27115
 1.27223
 1.27332
 1.2744
 1.27549
 1.27657
 1.27766
 1.27874
 1.27983
 1.28091
 1.282
 1.28308
 1.28416
 1.28525
 1.28633
 1.28742
 1.2885
 1.28959
 1.29067
 1.29176
 1.29284
 1.29393
 1.29501
 1.2961
 1.29718
 1.29826
 1.29935
 1.30043
 1.30152
 1.3026
 1.30369
 1.30477
 1.30586
 1.30694
 1.30803
 1.30911
 1.3102
 1.31128
 1.31236
 1.31345
 1.31453
 1.31562
 1.3167
 1.31779
 1.31887
 1.31996
 1.32104
 1.32213
 1.32321
 1.3243
 1.32538
 1.32646
 1.32755
 1.32863
 1.32972
 1.3308
 1.33189
 1.33297
 1.33406
 1.33514
 1.33623
 1.33731
 1.33839
 1.33948
 1.34056
 1.34165
 1.34273
 1.34382
 1.3449
 1.34599
 1.34707
 1.34816
 1.34924
 1.35033
 1.35141
 1.35249
 1.35358
 1.35466
 1.35575
 1.35683
 1.35792
 1.359
 1.36009
 1.36117
 1.36226
 1.36334
 1.36443
 1.36551
 1.36659
 1.36768
 1.36876
 1.36985
 1.37093
 1.37202
 1.3731
 1.37419
 1.37527
 1.37636
 1.37744
 1.37852
 1.37961
 1.38069
 1.38178
 1.38286
 1.38395
 1.38503
 1.38612
 1.3872
 1.38829
 1.38937
 1.39046
 1.39154
 1.39262
 1.39371
 1.39479
 1.39588
 1.39696
 1.39805
 1.39913
 1.40022
 1.4013
 1.40239
 1.40347
 1.40456
 1.40564
 1.40672
 1.40781
 1.40889
 1.40998
 1.41106
 1.41215
 1.41323
 1.41432
 1.4154
 1.41649
 1.41757
 1.41866
 1.41974
 1.42082
 1.42191
 1.42299
 1.42408
 1.42516
 1.42625
 1.42733
 1.42842
 1.4295
 1.43059
 1.43167
 1.43275
 1.43384
 1.43492
 1.43601
 1.43709
 1.43818
 1.43926
 1.44035
 1.44143
 1.44252
 1.4436
 1.44469
 1.44577
 1.44685
 1.44794
 1.44902
 1.45011
 1.45119
 1.45228
 1.45336
 1.45445
 1.45553
 1.45662
 1.4577
 1.45879
 1.45987
 1.46095
 1.46204
 1.46312
 1.46421
 1.46529
 1.46638
 1.46746
 1.46855
 1.46963
 1.47072
 1.4718
 1.47289
 1.47397
 1.47505
 1.47614
 1.47722
 1.47831
 1.47939
 1.48048
 1.48156
 1.48265
 1.48373
 1.48482
 1.4859
 1.48698
 1.48807
 1.48915
 1.49024
 1.49132
 1.49241
 1.49349
 1.49458
 1.49566
 1.49675
 1.49783
 1.49892


