 1.00000  -186.6632471857039  -175.2586333266429  -171.1804426881513  -181.8668172011139  -189.7207401202653
 1.00108  -186.74754958902  -174.6086057649705  -170.3895240715527  -181.0425979631373  -189.561865299214
 1.00217  -186.6325809757621  -174.4329298510974  -163.819308577707  -181.4079401705003  -189.6424437573769
 1.00325  -187.1252422015341  -174.0904781362431  -166.9936841635535  -181.2637867282432  -189.2381024384372
 1.00434  -187.1400488055786  -175.6288318968167  -170.7817583293916  -182.084191091555  -189.4749814925133
 1.00542  -186.8954819706618  -175.3801614426483  -167.4400512817487  -181.869948717059  -189.3657001694899
 1.00651  -187.1185095772228  -175.4847777506596  -167.2972316386581  -181.6831875572907  -189.4024548933673
 1.00759  -187.0643021317205  -175.1747307098767  -163.1973993335469  -181.9854356130811  -189.4419920453375
 1.00868  -186.9648468653443  -175.3693768276049  -166.4343421839257  -182.2855009245659  -189.3787604588094
 1.00976  -187.1526622643483  -175.6984917510283  -163.8249924618219  -182.194636746881  -189.6057633868535
 1.01085  -187.0020179482223  -176.1257095782098  -163.5827519817529  -181.9377485019557  -189.5560549031038
 1.01193  -187.192187421253  -176.0838375238823  -162.9240568851821  -181.9989059463751  -189.6903621191292
 1.01302  -187.1521096198623  -175.6482520249277  -167.5008359489773  -182.2245680332102  -189.7324147481806
 1.0141  -186.4839661065063  -175.1174960140687  -165.5752792426108  -182.0023528100359  -189.6196975174945
 1.01518  -187.3486053428662  -175.830873397214  -171.8906039509473  -182.346734070717  -190.0549865562764
 1.01627  -186.7212127520142  -174.9506629468292  -165.3516794984114  -181.4892127520142  -190.696097773295
 1.01735  -187.0228393407941  -176.099201465508  -169.1295784756927  -182.4650949624189  -189.9843622984956
 1.01844  -187.1710867493556  -176.3656398779124  -165.7317261238321  -182.7656398779124  -190.1113103115044
 1.01952  -187.0896076525737  -176.657140109359  -169.7539177430549  -182.7188172516155  -189.5995881766469
 1.02061  -187.4620937849246  -175.6853121706087  -170.155719271962  -182.4045605313218  -189.7437555514962
 1.02169  -186.8901409575471  -176.3860748554201  -164.6952844544618  -182.6928516922985  -189.6163394488771
 1.02278  -186.886192069751  -176.2834738931073  -162.9459727084513  -182.881041130944  -189.681041130944
 1.02386  -186.642089741763  -176.5143466705684  -165.3205042845251  -182.4394481085746  -189.1944964826919
 1.02495  -186.7824799126563  -176.5445616365902  -162.3087070757893  -182.4087070757893  -188.7599810973124
 1.02603  -186.7489006000987  -176.3771233983157  -167.7355004085003  -182.5710168952266  -189.7390891195412
 1.02711  -186.6528853796153  -176.7062671824536  -161.2341901352312  -182.5042926999209  -189.617393822426
 1.0282  -186.7646723723566  -176.7455034058663  -168.7494864100072  -182.8494864100072  -189.4494864100072
 1.02928  -186.6978237322346  -176.8676817423166  -169.2378237322345  -182.7756817423166  -189.0939538520043
 1.03037  -187.1607667867679  -176.9564867986933  -159.7014188776828  -183.3989861155195  -189.4014188776828
 1.03145  -187.1904952787498  -177.1526431419658  -154.8897693002729  -183.2897693002728  -188.5873365381095
 1.03254  -186.9895056790974  -177.3304151158132  -164.3780184510065  -183.3755856888431  -188.8688088519647
 1.03362  -187.1940517336622  -177.4294078482908  -161.2360262161949  -183.5891001077796  -188.5663819311359
 1.03471  -187.2233702172654  -176.7490422955141  -162.0897447302279  -183.5792850440502  -189.189744730228
 1.03579  -187.0269617046926  -177.0326289975745  -163.9917467123388  -183.5055195492058  -189.2797829918731
 1.03688  -187.0257543591788  -175.4846166956464  -160.9203195661492  -182.128863393395  -189.154014332202
 1.03796  -186.4560058922495  -176.0247459180706  -160.7310540304136  -182.0172528610437  -189.2104760241652
 1.03905  -186.755175806217  -175.8104729316434  -162.995175806217  -181.4055413541362  -188.7306922929432
 1.04013  -186.6956949805184  -176.0139437522158  -159.5156609119547  -181.5210173196409  -188.8190946910229
 1.04121  -186.4869328977641  -176.0984744844162  -157.3823525700796  -181.8472841475868  -188.8198858236824
 1.0423  -186.5642227373726  -176.1231531440372  -162.5538642480675  -181.6844617302427  -188.6355921383799
 1.04338  -186.2883011058014  -176.3075552052043  -165.3627017459876  -181.8590822464651  -188.5861558138902
 1.04447  -186.4259641811549  -175.8465982232918  -162.2744767705424  -181.8474032031173  -188.7725541419243
 1.04555  -186.6883760779417  -174.3069964554887  -165.539457214371  -181.7609886536555  -189.1869964554887
 1.04664  -186.5932465548395  -175.6584721764679  -162.1891031730026  -181.8942741601851  -188.0266043576588
 1.04772  -186.6144072654689  -175.8246599178704  -164.8637776326348  -181.7958225791894  -188.7162383915171
 1.04881  -186.6976335303794  -175.5960562182766  -163.9280392224175  -181.2280392224175  -188.9658972324996
 1.04989  -186.3753979430514  -174.04734884866  -162.616499262531  -180.8543572726132  -188.5595282597956
 1.05098  -186.3960448288039  -174.7045264312053  -159.8674197511101  -181.4802180611927  -188.4777852990294
 1.05206  -186.3136903301208  -174.6283195806337  -165.5311896193271  -181.3383350890423  -188.6494617290147
 1.05315  -186.5388745859157  -175.8407330101504  -164.174556838096  -181.457063207624  -188.8247330101504
 1.05423  -186.4231158502051  -175.1602667890121  -162.2080474277123  -181.5431158502051  -189.1080474277123
 1.05531  -186.3840805003792  -175.0291407952429  -141.0212419937209  -180.9340403038034  -187.8036845888625
 1.0564  -186.2540245193045  -174.8636185382812  -162.0470726061838  -181.4653790073319  -187.9901016034484
 1.05748  -186.4405033315543  -174.7723125489646  -161.8109360937176  -181.1786058962439  -188.9460365851571
 1.05857  -186.1371926927339  -174.676907526403  -160.6901306895246  -181.0344407800058  -188.1801112135978
 1.05965  -186.2743153461485  -174.6601606506247  -166.7503559578719  -181.487857142528  -188.2686280675595
 1.06074  -186.2503047287386  -174.0335192405523  -162.6009147999076  -181.2182595073662  -188.0113744860853
 1.06182  -186.4599038612278  -174.5094441750501  -163.4999038612278  -181.287521546432  -187.9999038612278
 1.06291  -186.573783525179  -174.6458133782023  -169.2532328389245  -181.1019588174015  -188.5532328389245
 1.06399  -186.5795612665052  -175.4354056014559  -163.5531431026764  -181.4847219018796  -189.4644928721134
 1.06508  -186.9544792238031  -175.0071347504696  -167.0302167415823  -181.9998610266413  -188.7653172330218
 1.06616  -186.4947710399584  -174.8838552898998  -166.5095614409167  -181.212089730226  -188.2884153250174
 1.06725  -186.0396881782313  -174.8959516016893  -166.004792861049  -181.6879965482439  -187.9697244385563
 1.06833  -186.1624344021436  -175.1164595710545  -159.4185105006957  -181.4933595618887  -188.295792324052
 1.06941  -185.9564523729357  -173.6901335067833  -165.3540094679964  -181.2090059881991  -188.3520349854637
 1.0705  -185.915556645601  -173.5388698796937  -162.995556645601  -181.1600401588748  -188.395556645601
 1.07158  -185.907821728451  -172.8793530293482  -159.6101496502023  -180.472792078932  -188.8421945967569
 1.07267  -186.1827340760197  -175.1982167708307  -160.9745502015486  -181.5745502015486  -188.9306803213184
 1.07375  -186.7489651076955  -175.1756857866389  -161.808151189134  -181.5631477093367  -188.0752691620861
 1.07484  -186.6198297077891  -174.9535032702435  -164.6497232046999  -181.3966493131153  -188.4946748305825
 1.07592  -186.5480773572201  -175.2869215869214  -160.2269832094079  -181.6963857272327  -188.5781136175451
 1.07701  -186.0277540633317  -175.3434808979923  -159.6053120240404  -181.5053120240404  -188.2470724930912
 1.07809  -186.1691439535248  -175.6108969956564  -167.1173880939799  -181.4903145265548  -188.255246104062
 1.07918  -186.065910900237  -175.7518021447256  -166.1824568323343  -181.4812700949752  -188.5163705864147
 1.08026  -186.2910295624528  -175.9504406614945  -160.2186302651124  -180.9873979171075  -188.0699042866355
 1.08134  -185.9924008529238  -175.431665828196  -161.6072705092959  -181.1262143333454  -188.2561117686558
 1.08243  -185.7046529571934  -175.1777161514804  -155.9342874092742  -180.9342874092741  -187.6446529571934
 1.08351  -185.6556790670451  -175.4601347610211  -156.3982369115583  -180.8333053340511  -187.9982369115583
 1.0846  -185.9403787006734  -175.6586572354943  -158.4939357957341  -181.1593920021145  -187.7919613132014
 1.08568  -186.0705232202606  -176.0245988755641  -161.2616819609008  -181.1480564738634  -187.6375967876857
 1.08677  -185.9671298484844  -175.5011926873339  -157.9179559609599  -181.0990888226086  -188.3015215847719
 1.08785  -185.9747488000754  -175.837737599603  -150.8877653516576  -181.2389240922978  -188.7269603718321
 1.08894  -186.2464456687398  -174.7504046428639  -148.6034166714752  -181.5217230726233  -188.2464456687398
 1.09002  -185.8101431735097  -174.4350931918126  -130.2371087002212  -181.1674644151621  -188.1351342176885
 1.09111  -185.8582018454692  -174.3994226871547  -151.956054279948  -180.6911547713876  -188.6237240824744
 1.09219  -185.4750296861332  -174.5743990966444  -158.6798553030249  -179.9798553030248  -187.6693956168471
 1.09328  -185.8810265538303  -174.1896192335248  -162.9508503817759  -179.7579975565658  -187.8010265538304
 1.09436  -185.4907952070834  -174.2020692286065  -165.4196364664432  -179.6220692286066  -187.4707952070835
 1.09544  -185.1392992194299  -174.0225990428179  -161.178457440003  -179.6083548753133  -187.5107876374767
 1.09653  -184.7494674131187  -174.0072093087995  -161.2005943294767  -179.4690518771765  -187.4481335705944
 1.09761  -185.3228901305434  -173.7651275721491  -162.2893246289112  -179.6995062987587  -187.0127786968138
 1.0987  -185.0343370662196  -173.6373205146374  -163.6254958068598  -180.0014106336448  -187.4135320863942
 1.09978  -185.3950006018323  -173.5263254479925  -166.600612473262  -179.9901527870842  -187.0901527870842
 1.10087  -185.0155641486461  -173.3477231018748  -168.0028818425151  -179.7768740406819  -187.1541558640382
 1.10195  -184.8894781996268  -173.3699367302412  -153.0916358135835  -179.5440965724657  -187.3105796376329
 1.10304  -184.945377004378  -172.7711051118684  -165.5802916045632  -179.6992354286126  -186.9315656260863
 1.10412  -184.7460205307629  -173.4578986164263  -166.1449721838514  -179.7449721838514  -187.2203313785896
 1.10521  -185.0089990418957  -172.5480995333352  -166.8336398471575  -179.6440995333353  -188.4089990418958
 1.10629  -184.6258688127277  -173.4166252525357  -164.846502518298  -179.540723746231  -186.8977765398211
 1.10738  -185.1215565306375  -173.1541258417244  -165.9840232770347  -179.886456039198  -187.0091742158417
 1.10846  -184.6990566520532  -172.9295566824267  -167.0377440620559  -179.8998860519737  -187.5979634233557
 1.10954  -184.7317100712664  -173.3675359731607  -166.412766247217  -179.6886810740018  -187.4867584453837
 1.11063  -185.1311956311529  -173.206552877122  -163.4014634060093  -179.9527374275324  -187.4773782327942
 1.11171  -185.2092139083413  -172.4424543573434  -163.2902700842919  -179.7902700842919  -186.9661849110768
 1.1128  -185.1979228134356  -172.7279197299522  -165.3278202487459  -179.5670152689204  -187.4670152689204
 1.11388  -184.7127155951154  -172.5805606964178  -166.2437121153181  -179.3677972885332  -187.5541718014958
 1.11497  -184.5493269156307  -172.4365179043002  -159.7089786631825  -179.40535916366  -186.9445541838345
 1.11605  -184.3571724968749  -172.5012626158822  -164.5642916131468  -179.2662660956795  -186.9874122115787
 1.11714  -184.4746310640338  -172.6767430365686  -158.8853541016076  -179.5549983866666  -186.9340800800845
 1.11822  -185.1744990451109  -173.297685928405  -162.798836342276  -179.7092960284537  -187.0418653395406
 1.11931  -184.722422025427  -172.879764147677  -165.1605067057809  -179.4254382832881  -186.7605067057809
 1.12039  -184.768226795281  -172.6493596569296  -160.9005183975699  -179.6764332243547  -187.1947396255029
 1.12148  -185.3061493625157  -172.8703593331541  -164.4773102128735  -180.0651887601241  -187.5213188798939
 1.12256  -184.8007807942644  -172.0654995770561  -159.5407807942643  -180.0540531923195  -187.2227310773253
 1.12364  -184.6338653485373  -173.043391173887  -159.8879268055034  -179.7182825204443  -187.3182825204443
 1.12473  -184.7836572529687  -172.9694210962722  -167.5878262964845  -179.4747251739793  -187.0316961767147
 1.12581  -184.5510374256811  -172.0230815597057  -161.3959369342415  -179.0205777395033  -186.9186551108853
 1.1269  -184.613024811261  -173.096089710371  -166.7847213031643  -179.6334472816413  -186.7523911056907
 1.12798  -185.0894719751071  -172.7951814989202  -165.0432585461425  -180.8361130764274  -187.1644046620417
 1.12907  -185.1226283161833  -173.1450405455402  -164.9870509186782  -180.1300799159428  -187.4249089287603
 1.13015  -184.7311822511714  -172.6343413274971  -166.0880766903736  -179.5626828395691  -187.5189842348888
 1.13124  -185.0645842887893  -173.67921458694  -164.6273234236878  -180.5752222252099  -187.8647625390321
 1.13232  -185.2321378712457  -172.6961053008167  -168.453678185068  -180.3536781850679  -187.453678185068
 1.13341  -184.9697351046795  -173.1657050243057  -165.8154233339583  -180.2803549114655  -187.0803549114654
 1.13449  -185.1604273205347  -173.2418835269152  -164.1418835269152  -180.3067830354757  -187.1043502733123
 1.13557  -184.8834165005917  -172.748343941107  -157.9444415614089  -180.2932828207687  -187.0184337595757
 1.13666  -184.9141956168218  -173.5918992408479  -165.4522211342891  -179.8845513317627  -187.3653222567943
 1.13774  -184.9933668760797  -173.4102071646807  -166.4962132989089  -180.2085956137047  -186.7411649247915
 1.13883  -185.0776978126991  -172.7599094392247  -164.8319864864471  -180.4300120039144  -187.4991044593992
 1.13991  -185.1111549155973  -173.2948370704133  -162.7512972015737  -180.2863976930132  -188.2320681266052
 1.141  -185.4872474865894  -172.8077649416349  -157.3273572673161  -180.2831027838085  -187.8628737540423
 1.14208  -185.3040383710347  -173.1068320360961  -165.6537625593281  -180.6537625593281  -187.5291217540664
 1.14317  -185.6125597576861  -173.880504870332  -162.5876356782249  -180.8804902085097  -187.1987623181974
 1.14425  -185.4845359511118  -173.7993653780819  -165.0556946917521  -180.9081554506343  -187.7316095185369
 1.14534  -185.9458142143491  -173.6952051936944  -160.2583483977273  -180.5766205074149  -187.9958495823834
 1.14642  -185.7023373022595  -172.241418552331  -165.409478818315  -180.4199385044927  -187.8848380130532
 1.14751  -185.6912973169015  -171.9230870822948  -159.7850984862715  -179.9712973169015  -187.2737300790649
 1.14859  -185.7215140707297  -171.7993314690885  -165.5499312774901  -179.8978300790121  -188.2978300790121
 1.14967  -185.6093018351643  -170.9922490344784  -162.1004605758045  -179.2142334126715  -187.4142334126715
 1.15076  -186.0931578084731  -171.1284701389336  -160.5757438627618  -179.4757438627618  -188.838210609159
 1.15184  -185.0767599016405  -171.3707466808584  -163.3921582255449  -179.8921582255449  -188.0973292127273
 1.15293  -185.4682235841651  -171.9063907044473  -162.8057809890235  -179.7882235841651  -188.0412974757497
 1.15401  -185.436332313254  -171.3734248312898  -160.7051735726137  -180.056332313254  -187.6752761373034
 1.1551  -186.0059583247089  -171.6227063017654  -160.1941045438766  -180.0590361213839  -187.7192554826836
 1.15618  -185.4944933152142  -172.7059719711336  -161.4969437135336  -180.2102161115886  -187.455219591386
 1.15727  -185.1165575241268  -172.2639794087075  -161.2720845653878  -180.0552882525826  -187.8370161428949
 1.15835  -185.5303507435883  -171.1482335074337  -159.5122922389081  -179.4260650757752  -187.6332105454904
 1.15944  -185.6371601046365  -171.3335683210306  -162.2221635844338  -179.6201891019011  -187.2892815573859
 1.16052  -185.5442213301591  -171.7227658703376  -163.6287808228959  -179.5903051114554  -187.4391463708151
 1.16161  -185.5216110785636  -171.8362083166771  -159.5177448474706  -180.0213335585113  -187.4930419728969
 1.16269  -185.3742560573428  -171.0306817811727  -158.4892581452212  -180.2872836626885  -187.8547143516016
 1.16377  -185.635606577424  -170.256359762982  -161.876359762982  -180.1711887757995  -188.2454522184668
 1.16486  -185.5387636795893  -170.5431589984894  -165.1848720683971  -180.0673146635386  -187.6223111837413
 1.16594  -185.3913079868107  -170.8734622037606  -163.7879440379153  -179.9060416981318  -188.0094754771999
 1.16703  -185.5312358528204  -170.2883291640073  -163.4453929097885  -179.8244746032064  -187.4003894299912
 1.16811  -185.3068865338219  -170.3757629542144  -162.6325161397723  -179.664846337246  -186.9624135750828
 1.1692  -185.0690502259277  -170.573331093493  -163.5025745144871  -179.6889490274497  -187.0234928210693
 1.17028  -185.5041437451309  -169.2483140110017  -162.8675978130335  -179.4237279328033  -187.6405242456085
 1.17137  -185.3625103924196  -170.7028507256846  -164.1944688650615  -179.7319700497175  -187.4295372875542
 1.17245  -185.4410892496766  -170.2353243629003  -160.5082909395941  -179.5457300549384  -187.5835880650205
 1.17354  -185.5759610430018  -169.6193486906292  -162.2076803413798  -179.3973147934605  -186.9214815107498
 1.17462  -185.771702596338  -170.3232430007985  -163.686444690716  -179.7219611774423  -187.4238838060603
 1.1757  -185.6000211037226  -170.7515456688058  -163.5234787020219  -179.3755799004998  -187.6110963872261
 1.17679  -185.2569085906589  -169.970511500378  -163.3261441777451  -179.30205900453  -187.1450880017946
 1.17787  -185.3741035461219  -170.7551659418556  -164.303326318351  -179.1912048656016  -187.2016645517793
 1.17896  -185.5181551262091  -170.0544008806801  -161.5252590685662  -179.3531820213438  -187.6232845860335
 1.18004  -185.2161396725336  -170.9886430191415  -163.4124410678533  -179.3459580026861  -186.8815335233381
 1.18113  -185.2434769772849  -171.0718728888016  -163.2210343821433  -179.8565508688695  -188.1963315075697
 1.18221  -185.1991760784467  -171.0770595853987  -164.4476405696593  -179.5854985797414  -187.9476405696593
 1.1833  -185.5886737459378  -171.680071864422  -162.812071864422  -179.9928427894534  -187.7028622653802
 1.18438  -185.6016461614979  -171.7146064999212  -163.6499754751681  -180.0708937817503  -187.2988167345279
 1.18547  -185.7569187992422  -171.688651116502  -164.187899477215  -180.0599765244375  -187.4903322393784
 1.18655  -185.4596126745389  -171.1211286653449  -163.4970140321042  -180.4146208930718  -187.902238578276
 1.18764  -185.6593659956527  -172.0887009466597  -164.9558154465789  -180.0362835591878  -187.6686137566614
 1.18872  -185.7520872934753  -171.0828996895849  -164.5065383974044  -179.7274567039865  -187.5945746769386
 1.1898  -185.2671325589318  -171.3646472018649  -164.6445835337153  -179.814686098405  -187.2095151112225
 1.19089  -185.2883042165381  -170.8317952910903  -161.5037952910904  -179.8712259800035  -187.9057697736231
 1.19197  -185.2682564378666  -171.491926380762  -163.7740657993751  -179.487838636242  -187.4480579975418
 1.19306  -185.336499747384  -170.8366860081202  -164.8841038358673  -179.4144595508082  -187.4391003560699
 1.19414  -185.1823265060801  -171.0894708799349  -163.9733285939585  -179.2012515467361  -186.9944747098577
 1.19523  -185.3804843487297  -171.3163540319854  -164.7415405246802  -179.5836049471616  -187.4800162361208
 1.19631  -184.9704463653698  -170.8354183654393  -164.7066905058248  -179.6445485159069  -186.53077567904
 1.1974  -185.2525668708151  -172.0687421630375  -165.5687576534048  -179.8958312208298  -187.3939085922117
 1.19848  -185.1310780149357  -171.6891479792596  -164.4850767421059  -179.8024214495645  -188.1850767421059
 1.19957  -184.8966550210052  -171.9029441032247  -167.2495870999947  -179.8723052766384  -187.0983130784716
 1.20065  -185.0234837642321  -171.714651479392  -167.3634837642321  -179.6013417743142  -186.736410196807
 1.20174  -185.2331912782064  -171.8168002497414  -164.0044672376679  -179.7152062307648  -187.350722717491
 1.20282  -184.7829809904702  -171.5382614487384  -166.414837946277  -179.8184574457995  -187.339988885084
 1.2039  -184.9903997098159  -170.8264824860829  -166.0077287331514  -179.5416424872317  -187.004109233629
 1.20499  -184.8557191270222  -170.7598310862863  -165.9070875342288  -179.1633889295485  -187.0633889295485
 1.20607  -184.3200925888763  -170.27678468898  -166.2526704822117  -179.5201011711249  -186.8077188563291
 1.20716  -184.3698592593133  -170.5210149220646  -164.2934725543269  -179.3109504147625  -186.4109504147625
 1.20824  -184.0922059244532  -170.089047183813  -165.7506816358938  -178.8799143221643  -186.4506816358938
 1.20933  -184.4076927775747  -169.7063668921023  -165.0502449777657  -178.6877782313685  -187.5334486649605
 1.21041  -183.88965083966  -170.1764785524418  -165.1096495396243  -179.1907057155749  -186.5395469749346
 1.2115  -184.4445564839971  -169.7035080881633  -164.7662883105603  -178.9119587441523  -186.3119587441523
 1.21258  -184.0062865667821  -169.8002840050412  -164.8556004871862  -178.3556004871862  -186.1692259742236
 1.21367  -183.6704892621862  -169.4327442543096  -165.0448188285941  -178.7343591424164  -186.0448188285941
 1.21475  -184.1770873169694  -169.3247509469103  -164.5002274022397  -178.9358029228916  -186.1615394802244
 1.21584  -184.4408497763971  -168.5985849238479  -163.7129100423811  -178.7579135221784  -186.3233697285588
 1.21692  -184.6250842452002  -168.992550623236  -163.475168925554  -178.7666250983083  -186.575168925554
 1.218  -184.7289989869476  -167.9918004068462  -163.4020396573859  -178.9346089684727  -186.7294379812903
 1.21909  -184.3167502179506  -168.0788250858253  -160.62385281026  -178.946973408692  -186.9912834991732
 1.22017  -184.5764471837666  -168.1848861781093  -163.8822928248094  -179.0430978046349  -186.5080293821421
 1.22126  -184.2794253739245  -167.5564497277867  -162.9347845686626  -178.7575027453064  -186.202454371189
 1.22234  -183.9771417067916  -168.0239627511156  -163.4253289180132  -178.7609044386653  -185.7241421806541
 1.22343  -183.570948476078  -167.5588683956489  -162.0006080044099  -178.5563535209024  -186.5830505995515
 1.22451  -183.4805853299204  -167.7055584347857  -162.7274147568904  -178.4457211580386  -185.6652727669725
 1.2256  -184.1397179919915  -167.1823801440637  -161.8792498793825  -178.154547004809  -187.2920481894651
 1.22668  -184.0833147894239  -166.9589899233831  -161.5510701091485  -178.3490956266157  -185.7060666293512
 1.22777  -184.6023094717789  -167.107045947265  -161.4194361165512  -178.1579118279918  -185.9058106295138
 1.22885  -184.2176416997537  -167.3016355375457  -163.0472994325724  -177.9408686676864  -186.1600977426549
 1.22993  -184.2045907904585  -166.9725907904585  -162.8741311042808  -178.1722084756627  -185.8845907904585
 1.23102  -184.2504594547199  -167.586418428844  -161.5501580594002  -178.0875156306705  -186.9615078288373
 1.2321  -184.095722613541  -167.438650341132  -162.9978364225706  -178.2189825384698  -186.2906909528554
 1.23319  -184.3295014978216  -167.0261033793374  -162.5288699050282  -178.2800003131655  -185.7542637558328
 1.23427  -184.3765221485827  -167.4390010748685  -161.124407515342  -178.5296320615138  -186.1420143763096
 1.23536  -184.3094926302002  -167.3250289337961  -161.365877509961  -177.9313337163415  -186.1639030274283
 1.23644  -183.9422360258575  -167.9485721035481  -162.7832227244164  -178.4083736632234  -186.2728571764972
 1.23753  -184.0185246478821  -167.964134023441  -163.2977029556862  -178.5749847790425  -186.1374835943864
 1.23861  -184.5725331514228  -168.2409532632286  -161.0995173798092  -178.80640240109  -186.5871350650134
 1.2397  -184.5438159270959  -168.1784974077745  -163.3783969113564  -179.0764742827383  -185.921425908621
 1.24078  -183.9904572143126  -168.3703997261294  -163.9443847735711  -178.8659162128556  -186.6782985276514
 1.24187  -184.7251276914295  -168.6852731306286  -163.5676476435912  -178.7133180771832  -186.4754943585616
 1.24295  -184.6507248547966  -168.5292746599816  -162.8844976916635  -178.9027698013511  -186.66398438904
 1.24403  -184.6101342233649  -168.2498093573241  -162.6307398625929  -178.8465559564568  -185.9791252675437
 1.24512  -184.2403097465368  -168.1283065832368  -163.5880210450634  -178.7880210450634  -186.1008193551459
 1.2462  -184.8649277761611  -168.2901434120931  -163.0390116765464  -178.6793091086604  -186.3130038747132
 1.24729  -184.1038618531883  -167.6668611092995  -163.6493037044411  -179.042158234726  -186.942158234726
 1.24837  -184.8264124525145  -168.7647642667388  -161.6042359815278  -178.7499064151198  -186.3120826964982
 1.24946  -184.4528529498742  -168.1586472318303  -163.2261888184825  -178.4597057533152  -186.7812371925998
 1.25054  -184.3908258324431  -168.7348535008338  -163.4831052795587  -179.0455720259558  -186.1593731953258
 1.25163  -184.7460969190282  -168.8843147089999  -164.056682489607  -179.1998969073753  -186.8281884929898
 1.25271  -184.335619517919  -168.4621693231041  -163.989392354786  -178.9280802768013  -186.989392354786
 1.2538  -184.7450225734826  -168.8939048587182  -161.4409374002674  -179.2513970864452  -186.2409374002674
 1.25488  -184.5981541919584  -168.6894727941326  -164.9965920925288  -179.393003381488  -187.8865726166021
 1.25597  -184.5968587575676  -169.2187931607537  -159.030314963948  -179.5198552777703  -186.4927817103452
 1.25705  -184.879829683689  -169.2726821386591  -161.9472280075934  -179.8214914502606  -187.3523989947758
 1.25813  -184.7856656373787  -168.9713419928685  -159.5438929768178  -179.6550196167903  -186.8110109497699
 1.25922  -185.2176406214201  -169.1409045346447  -163.6261748047982  -180.2261748047982  -186.786394166098
 1.2603  -184.7819310519231  -169.0730164787875  -163.4208748759725  -179.9439954744045  -186.3759232500899
 1.26139  -184.6674554975597  -169.0624534367308  -163.777742522829  -180.077742522829  -186.777742522829
 1.26247  -184.5970351662164  -169.2605016881209  -163.7809066526473  -179.9297479120071  -187.1548988508141
 1.26356  -184.3814112757818  -168.8414112757818  -160.7703532449641  -179.7216272664872  -186.2023981915187
 1.26464  -184.7172061765691  -168.969817639657  -162.708742680313  -179.6788452450027  -187.6808197275354
 1.26573  -184.7212610273685  -169.1342330510588  -159.1702759284645  -179.8018183807647  -186.5493576218824
 1.26681  -184.3590438191802  -168.3709013695497  -161.4578591296605  -179.3901893271342  -186.3269515851453
 1.2679  -183.2471855870569  -168.2043810895043  -162.1216406237478  -178.3283810895043  -186.3796551110274
 1.26898  -183.6708236847918  -168.0175257852351  -162.2317210924822  -178.9667895149751  -186.3368920796648
 1.27007  -183.220196907666  -167.8870059884722  -159.1074235969365  -178.9211964338035  -186.2814157951033
 1.27115  -184.1693584916476  -167.5790587248633  -161.1833747331457  -179.672915046968  -187.0482742417063
 1.27223  -184.3471325247811  -167.7582522271616  -160.9624963676166  -179.9286459633131  -186.8074998474139
 1.27332  -184.6885319076357  -167.4921586364466  -160.9249124081132  -179.5969894553355  -186.708116095308
 1.2744  -184.8641376003722  -166.7778731604173  -161.8794347257985  -179.6977068354862  -186.7846057129811
 1.27549  -184.8215029335185  -166.3395842569065  -162.106435012508  -180.0310758177698  -186.5741048150343
 1.27657  -184.5776023850795  -166.0335992465365  -160.9206759525046  -179.797221884602  -187.0768060722743
 1.27766  -184.0146650156554  -167.2465333988755  -160.4206442097179  -179.4663146433099  -186.2206442097179
 1.27874  -183.2957940279671  -166.5090682915357  -160.8428230252317  -179.2102537141448  -185.4763399600645
 1.27983  -183.6271700530268  -166.3269461122307  -158.3646712376829  -179.1821648681548  -186.4076184440928
 1.28091  -184.0864063500983  -166.2873503819089  -161.7910523450563  -179.016788902389  -185.6893905784847
 1.282  -184.1943578637348  -165.2884583262946  -160.2789180124723  -178.9245884460643  -186.8063163363767
 1.28308  -183.7485461821203  -165.9677776452793  -158.7821716691577  -179.1959445060246  -185.5959445060246
 1.28416  -183.9972260553635  -165.7717905322579  -159.3907482923688  -178.8927227749014  -185.3907482923688
 1.28525  -183.7780410029138  -165.3487482001191  -161.013806721604  -178.9751187995887  -185.8477204756843
 1.28633  -184.120580944097  -165.5223492569718  -157.9269028722352  -178.7998293048101  -185.5249802436171
 1.28742  -183.8041164266799  -165.3914416952337  -160.5918129185831  -178.9543117339271  -186.2145310952269
 1.2885  -183.8552756387855  -164.8306135048923  -159.7165647519333  -178.8686659504113  -185.9814642604938
 1.28959  -183.511286926974  -165.5719624755268  -159.6077867027643  -178.61975042323  -185.3061249361926
 1.29067  -183.6782522594025  -165.2200406328768  -160.0478867114832  -178.6514754225241  -185.5606850215658
 1.29176  -183.8474901011088  -165.0079196731467  -159.8853550054622  -178.817924316549  -185.4310254390541
 1.29284  -183.3312927087683  -165.2635954041236  -159.6411110389208  -178.9750247930011  -186.1289477121525
 1.29393  -184.0755628988701  -165.4682212545125  -159.8522212545125  -178.5541438831306  -186.0646035693083
 1.29501  -183.4407834597154  -164.9956787934571  -159.9438228573238  -179.2167492898987  -185.5167492898987
 1.2961  -183.5437969831113  -165.1955911323006  -160.3438705794162  -179.1517172943866  -185.2087700879767
 1.29718  -183.3335587162945  -165.1549329197987  -160.4960254626918  -179.047184203332  -185.9792291498866
 1.29826  -183.7047527945784  -165.6066829628129  -158.7857181508992  -178.7689218380941  -186.6506497284064
 1.29935  -183.4233610356476  -164.8003913314909  -160.1128532633745  -178.326478750412  -185.377752771935
 1.30043  -183.0229944559604  -165.1349418152117  -157.4650218249575  -178.5161805655978  -185.7582449880791
 1.30152  -183.3578903252339  -165.316091562656  -159.900012851911  -178.7797838221447  -185.1797838221447
 1.3026  -183.2486289681185  -165.5056572399179  -160.5092753792947  -178.7479633013101  -184.9955025424278
 1.30369  -183.106041083015  -165.4058108443104  -160.4040666004823  -178.6363967979559  -185.4171677229874
 1.30477  -183.7356607531552  -166.1097865985828  -160.0681023087768  -178.9886156114003  -185.2236840338931
 1.30586  -183.3863883790857  -166.4906627988734  -159.4271145891117  -178.7782449972489  -185.5090648721726
 1.30694  -183.0783932780423  -166.107505970236  -160.7751195212022  -178.9542012146201  -185.3962656371015
 1.30803  -182.9938659891463  -166.3545963076378  -160.6758846751866  -178.8576125654989  -185.0758846751866
 1.30911  -183.097311432657  -166.7821287995438  -161.252521639644  -179.052521639644  -185.0824190749543
 1.3102  -183.0300299317421  -167.3166777245816  -160.7991402609745  -178.7421692582391  -184.9095999471522
 1.31128  -183.5993470435251  -167.0053398531953  -162.5267453674294  -178.999347043525  -186.0642465520856
 1.31236  -183.6259390945767  -168.0229353737086  -162.6347690487775  -179.3347690487775  -185.6969453301559
 1.31345  -183.678117537972  -168.9047196292151  -162.6113291368778  -179.3113291368778  -185.878759825791
 1.31453  -183.658274372735  -168.6417998458624  -163.7309871185257  -179.4010896832154  -185.433419880689
 1.31562  -184.0740067543853  -169.1823659210788  -162.6477309426786  -179.3907599399432  -185.8477309426787
 1.3167  -183.7858800477907  -169.6325025285027  -164.4104268731992  -179.4355778120062  -185.9496218933737
 1.31779  -183.5913934070254  -169.8111967161003  -163.9376394064189  -179.2252570916231  -185.9252570916231
 1.31887  -182.9861736636662  -170.4265603603512  -163.827417833001  -178.927417833001  -185.2599871440879
 1.31996  -183.6395728587684  -170.9198580250993  -165.2627765459632  -179.3307315994086  -185.2820056209317
 1.32104  -183.6821118303986  -171.2833234293045  -165.5693601911117  -178.9625833542333  -185.5394627558014
 1.32213  -181.6557650839079  -171.1590984730726  -166.1422611343915  -177.7548088996276  -184.4291600118864
 1.32321  -182.6599852516822  -170.8026048908247  -165.6488536625222  -178.3524731620446  -185.2512864246854
 1.3243  -183.5286624370699  -171.0569455809532  -165.0777548925547  -178.4897186130205  -185.6523610417503
 1.32538  -183.0644059738799  -171.6307977101674  -166.8115686351989  -178.8482913406393  -185.428364948004
 1.32646  -183.52393903314  -170.4154282314242  -166.318174424937  -178.6693331655771  -186.0557076785398
 1.32755  -183.6136699952722  -170.7829675695481  -165.207894002123  -179.3011171652446  -185.7779965668126
 1.32863  -183.3897893527808  -169.6821758018145  -165.0488710461987  -178.5697893527808  -186.3228632443654
 1.32972  -183.237543344324  -170.3638128177965  -165.1249740332371  -179.0898735417976  -185.7806639427559
 1.3308  -183.3757006492881  -170.3038169123412  -165.5473704518144  -179.0772678871248  -185.722647855698
 1.33189  -183.0566396875632  -169.9128269326067  -166.3921561742894  -178.9940788029075  -185.2627566879133
 1.33297  -182.8839146920988  -169.9537252013494  -165.4269436893634  -178.3706422940437  -184.7943743782765
 1.33406  -183.0134167517691  -169.9462556740485  -161.4736608922241  -177.7186643720214  -185.5841205784018
 1.33514  -182.6675907140705  -169.7891396101414  -163.2635055408553  -177.8321834258611  -185.3296551365518
 1.33623  -183.4549932802562  -169.045481005966  -164.7637202565057  -177.8653820230774  -185.3286197650662
 1.33731  -182.8243294730735  -169.7025654238753  -164.8671991294457  -177.9196598883279  -185.0160403888054
 1.33839  -182.7955325670589  -169.2407108423147  -163.5570568556184  -177.8058981149781  -184.9708296924853
 1.33948  -183.306610670512  -168.9952203859357  -164.4788700135903  -177.9980990885588  -185.088889489517
 1.34056  -182.86275000213  -169.2423635756986  -161.9504643343168  -177.8247277769841  -185.0556353214993
 1.34165  -183.1873734101299  -168.7098707200179  -163.84541230667  -178.04541230667  -185.3753097419803
 1.34273  -182.9891169060658  -168.8448945792857  -164.4851112473314  -178.1105648232694  -185.302718108299
 1.34382  -183.1004302488211  -169.223801410412  -163.3061293321633  -178.0925038451259  -185.6481937546446
 1.3449  -182.9960131053316  -168.7599279321164  -164.1960131053316  -177.7448543646913  -184.5448543646913
 1.34599  -183.0258075718087  -168.4041735025227  -163.8370815933318  -177.6370815933318  -184.9721820847713
 1.34707  -183.2940419262041  -168.2455060549439  -151.162074496633  -177.9245412430302  -185.7245412430302
 1.34816  -183.0143444172424  -167.9728694523124  -163.0414179846675  -177.6535394374169  -184.6414179846675
 1.34924  -183.2842454461281  -168.4955962171787  -164.2313190135532  -177.6313190135532  -185.2434404663026
 1.35033  -182.60415987094  -167.9386674044688  -162.0452160468905  -177.9772609934451  -184.6589888837575
 1.35141  -183.3383406635737  -168.0697476018281  -163.286399692743  -178.1091178693866  -185.6215001841825
 1.35249  -183.1701659911412  -168.2880935503996  -162.0775003243327  -177.563515276891  -185.2192607933834
 1.35358  -182.9350564242083  -167.75555943399  -162.809085621731  -177.4338082178474  -185.1661384153211
 1.35466  -182.8406627543559  -168.0779498381746  -163.15606087284  -177.4468512737983  -185.3911613642796
 1.35575  -183.2860985253866  -168.71402254885  -163.9434615708125  -177.4083931483197  -185.4155386180348
 1.35683  -182.7963515167643  -168.035084510524  -163.6604661376851  -177.560466137685  -185.4778108451437
 1.35792  -183.2492961794842  -167.8716981369265  -163.3232346406704  -177.8256674028337  -185.1933372053601
 1.359  -183.1367282203141  -168.2782491201178  -164.2131741607738  -178.078105738281  -185.278105738281
 1.36009  -183.3563062949111  -168.2643741991649  -163.9300983874583  -177.6300983874582  -185.8054575821965
 1.36117  -183.1067740089766  -168.5168942217799  -163.0929728396067  -177.6844290123609  -185.0965923391292
 1.36226  -183.2370447919662  -169.2093520185384  -164.1852648285401  -177.9529346310664  -184.6852648285401
 1.36334  -182.606248221619  -168.7393495423586  -163.5377201418282  -177.797939503128  -184.6172068392047
 1.36443  -182.6722907894312  -169.0331813724204  -162.8605095460264  -177.9605095460264  -185.3327589020401
 1.36551  -183.2412891680389  -169.0975528701591  -164.3901545462547  -178.2526212926519  -185.679694860077
 1.36659  -183.1418594563596  -169.333847891236  -161.7563916187098  -177.9696640167649  -185.9257941365347
 1.36768  -183.2825735471961  -169.9524709825064  -163.3576219213134  -178.2133968071446  -185.1576219213134
 1.36876  -183.396551129929  -170.4665928959557  -162.9599818188421  -178.4156717283609  -185.6224485652393
 1.36985  -183.2091023087242  -170.3085696671986  -164.8634963326026  -178.7515326121368  -185.2772691694695
 1.37093  -183.6520321257644  -170.6103577497558  -164.4293971473642  -178.7274745187461  -185.8398568335419
 1.37202  -183.4376807365654  -170.7369151074099  -164.1642981264898  -178.8946538414307  -185.7297543328702
 1.3731  -183.0560166211413  -171.4372287532124  -167.1523180164609  -178.4073663905783  -184.9822154517713
 1.37419  -183.5733386481589  -171.8165943615776  -166.9721214028385  -177.9745541650018  -185.6745541650018
 1.37527  -183.0762267039258  -171.9679458363605  -166.251758591317  -178.0645569013995  -185.5270557167434
 1.37636  -183.4231972619004  -172.0867796534361  -164.5771894600672  -177.4221410859498  -184.889571774863
 1.37744  -182.3887154024401  -172.7072005398089  -162.9316840530826  -177.3420496010019  -185.3812446211763
 1.37852  -182.412349991889  -172.1119912181933  -164.3320648255581  -177.9969964030653  -184.3832235661983
 1.37961  -182.4427565126649  -172.1345090422955  -165.6490653633281  -177.8490653633281  -185.4611868160774
 1.38069  -182.6120153331804  -172.4221191979058  -165.3631740738207  -178.6390889006055  -186.805238496302
 1.38178  -183.166882260447  -172.3394839365426  -162.5290242503649  -178.5720532476294  -185.1043834451031
 1.38286  -183.0468748702974  -173.0371334514016  -168.9171334514016  -178.7190560800197  -185.9190560800197
 1.38395  -182.9062069228994  -172.9419262212774  -166.1540032684998  -178.7273061898507  -185.0070771600844
 1.38503  -182.5351250636876  -172.4223520316203  -163.2755858225698  -178.4936834827863  -184.5094995766502
 1.38612  -182.8023251165581  -172.3194516238476  -162.926849947752  -178.5643511324081  -184.6320209349344
 1.3872  -182.6467519864999  -172.0282470223773  -161.8790402913738  -177.9894999775516  -184.203125464589
 1.38829  -182.4791443346541  -171.3528742886477  -163.4618534819689  -177.8419270893337  -184.9811221095082
 1.38937  -182.5420862395611  -171.2291346136784  -164.9590572422965  -177.9831424155117  -185.4020862395611
 1.39046  -181.9771110788383  -171.2504449213626  -167.8594855918009  -177.4594855918009  -184.1594855918009
 1.39154  -181.9071758761899  -171.0490919758046  -165.3144498977129  -177.2371680743566  -184.184094182772
 1.39262  -182.4098956288637  -170.9800082247671  -165.491720464531  -177.3020860124502  -185.0852896996451
 1.39371  -181.7311406333033  -171.2121307340278  -164.8569986433855  -177.3569986433854  -184.3852902289998
 1.39479  -182.2446931499745  -171.1275949962166  -166.3072950635651  -177.5542211719804  -184.1213391449325
 1.39588  -181.9199872067443  -171.4834842299744  -164.3920598185472  -176.8920598185472  -183.8553371131068
 1.39696  -182.0483212116393  -171.131472453437  -163.6873695857567  -177.164651409113  -184.164651409113
 1.39805  -181.9335296139948  -170.9852114669618  -166.1966344507481  -177.0558356753869  -184.1171477533716
 1.39913  -180.8958300070655  -170.7472005051014  -163.2798427929203  -175.9447423014808  -182.5423095393175
 1.40022  -181.966559443612  -170.7468403111773  -165.9834740167476  -176.9698485297102  -185.6024178407971
 1.4013  -181.8176742042078  -170.6887900147656  -159.5362179316816  -176.994493809534  -183.5616117824861
 1.40239  -182.0652615060587  -170.847637503227  -164.2499639407726  -176.7825332518595  -183.4124306871698
 1.40347  -181.969613843964  -170.469613843964  -159.6726428412286  -176.8025402765389  -184.1857439637337
 1.40456  -182.0246602910241  -170.8309480783097  -154.3646394169591  -176.9300956233395  -183.9925623697367
 1.40564  -181.9972050778318  -170.5208828780617  -164.209753610187  -176.9547570899843  -184.207830981569
 1.40672  -182.1398363754215  -170.786843858142  -162.9998752991674  -177.0979526705493  -184.717220006626
 1.40781  -181.7366371912686  -170.2433532682912  -163.5329385865882  -177.1899095893236  -184.7879869607056
 1.40889  -181.7660289597478  -169.9140406057157  -158.6426002175416  -176.972892158096  -183.9553985276241
 1.40998  -181.7909420728936  -169.8377034194048  -156.0941669156609  -176.8131107397104  -183.5430081750207
 1.41106  -182.2689357192409  -169.8903885045611  -158.8355787160109  -176.3582968926546  -184.0355787160109
 1.41215  -181.9781799117715  -170.3472706630999  -160.925629225517  -176.5743552039939  -184.0607297169566
 1.41323  -182.368924264766  -169.9277750203675  -160.1782738357114  -176.9645009988444  -183.9065654213258
 1.41432  -181.8957225757733  -170.6782932059782  -162.2754778954978  -177.0866045354703  -184.5034008482754
 1.4154  -181.8560745921458  -170.6156585047094  -153.615271799723  -177.0310878935869  -184.9584862174913
 1.41649  -182.355179329296  -170.5945455277187  -161.6556983385378  -177.1537238560051  -183.9556983385378
 1.41757  -182.5408566282169  -170.5996974285065  -160.0458601080143  -176.7774025603144  -184.5438856254816
 1.41866  -182.3392085252047  -170.2413910077569  -161.1150164947943  -177.1890086929611  -185.2287893316613
 1.41974  -182.3740274823829  -170.6794074509561  -161.51895905989  -176.7915607359857  -184.2791784211899
 1.42082  -182.6241275572209  -170.6036334528865  -159.9143037292754  -177.4712747320108  -183.9833961847602
 1.42191  -182.3297201549627  -170.9567206288251  -161.0379073661843  -177.3379073661843  -184.5174915538566
 1.42299  -182.4835430467016  -170.8475430467016  -158.2965465264988  -177.8269022414398  -184.3515430467016
 1.42408  -183.1950567588471  -171.1812594200666  -165.6520974292853  -177.7060203484367  -184.5794957531897
 1.42516  -182.8488307471009  -171.3148575646038  -164.5422869534813  -177.5185548692485  -185.3246800925137
 1.42625  -182.9525959185302  -170.4438756936738  -162.4147827642819  -177.6147827642819  -184.2219299390717
 1.42733  -182.8036147667044  -170.7271141641897  -166.3746882407477  -177.6225870422697  -185.4102047274739
 1.42842  -182.7822379843283  -170.3079160561901  -160.0787839164257  -177.3787839164257  -184.1022379843283
 1.4295  -182.5724432754886  -170.1339521771652  -162.8924432754885  -177.4354722727532  -184.6485733952584
 1.43059  -182.5692894433176  -170.163713685022  -166.5255908386373  -176.5806392127546  -184.9204198514548
 1.43167  -182.1179865869673  -170.3407919839206  -165.4289051078312  -176.7708523594434  -184.2457014206364
 1.43275  -181.6441588914574  -170.1228427064784  -166.4870772107154  -176.5610694088822  -184.273451723678
 1.43384  -182.4017586136884  -170.4321527538243  -162.653122456524  -176.5772076297391  -184.9092525762938
 1.43492  -181.5283956806634  -171.0903353051406  -164.7120252187576  -176.9994774535216  -183.7538070199296
 1.43601  -182.1514869165637  -171.601307393491  -166.7784891235311  -177.5064120763087  -184.5765146409984
 1.43709  -182.231077525057  -172.2155434341612  -165.4478035035339  -177.699077525057  -184.6217957017007
 1.43818  -182.5168935099571  -171.9735447213812  -165.0259859654419  -177.4867909452674  -184.9892237074307
 1.43926  -182.2491084700711  -172.2093205071168  -160.9021823616558  -177.922411391422  -184.9145646764516
 1.44035  -182.132534838251  -172.3080162780082  -163.3671854591193  -177.9372880238089  -184.9321170366265
 1.44143  -182.6016778498623  -172.19632606711  -166.4598664715706  -177.5295107566296  -185.1949669630101
 1.44252  -182.0945198175542  -171.7861446063675  -160.8176981458407  -177.3851288347538  -183.9867906013255
 1.4436  -181.8490103265665  -170.7729215224234  -161.0378515859263  -177.0378515859263  -184.9210552731211
 1.44469  -182.0892218869374  -170.1715306134134  -163.7418224441606  -176.6981238394803  -184.2550948422157
 1.44577  -181.611304337931  -170.1072312552333  -161.4182850159039  -176.6182850159039  -184.4832165934111
 1.44685  -182.0606296478403  -169.7780444979524  -158.2109853627812  -176.835626168043  -184.0917562878128
 1.44794  -182.3162672165814  -170.3782880225189  -162.0883684150594  -176.2362672165814  -184.1688365276683
 1.44902  -181.8217648768859  -170.7237455272389  -164.2107264167178  -176.7265425105818  -183.8591118216686
 1.45011  -182.2087230622825  -170.4721299684356  -165.1816311530916  -176.249300955618  -184.4706545636826
 1.45119  -181.7927686304485  -170.7103121951282  -164.3206401168794  -176.5344129537464  -183.9395839409289
 1.45228  -181.8273466129194  -170.8856014172241  -164.1734794330399  -176.45967826367  -184.5966146127098
 1.45336  -181.2858099691557  -170.2820099482603  -156.5011276630246  -175.9524016845477  -184.0200714870741
 1.45445  -181.4513322858986  -169.7274607994676  -157.010276109948  -175.9426063074216  -183.3051051227655
 1.45553  -181.2700259190781  -169.3711587234334  -154.1201063116185  -176.0521890192767  -183.8575454269628
 1.45662  -181.8194379759994  -169.4686055820587  -164.6477577673107  -175.8458351386926  -183.7231169620489
 1.4577  -181.2725234055625  -169.3624125947201  -163.4109901519597  -176.1361410907668  -183.8485234055626
 1.45879  -181.0054295250794  -167.7323689325209  -160.3012101918807  -173.9012101918807  -184.2661417693878
 1.45987  -181.2500487991167  -169.564837202177  -161.0185973314718  -175.942682504687  -183.4564553415539
 1.46095  -181.2119436868138  -169.3250525996897  -161.9539181693465  -175.9539181693465  -183.419374375727
 1.46204  -181.009995813885  -168.6146216855474  -159.0858738297009  -176.0617071124118  -183.897223599138
 1.46312  -180.869471179538  -169.0678562914312  -157.8344746593353  -175.7648303742762  -183.7556207752345
 1.46421  -181.5375683829865  -169.0598637727308  -164.7725631981145  -175.4777877442863  -183.3918318256537
 1.46529  -180.8989013848004  -168.6857223646366  -163.1465888329532  -175.3150463806531  -182.9326037855115
 1.46638  -181.3012503341095  -168.5742226769313  -161.684374904933  -175.684374904933  -183.2332161642928
 1.46746  -181.1854715705913  -169.0380762031069  -163.70675993814  -175.6956332981675  -184.10675993814
 1.46855  -181.5303032848705  -168.8616004670992  -164.7649694423462  -175.5787422792131  -183.6513439553088
 1.46963  -181.331365145714  -169.1130492954406  -159.5762353768791  -176.1742608943464  -183.6873620168516
 1.47072  -181.541493950211  -169.0552143554755  -158.5840548348667  -176.0319536363887  -184.5944203827859
 1.4718  -181.1998660979827  -169.4515118049585  -165.7099264735055  -176.2118491021236  -183.1548780993882
 1.47289  -181.3327537185572  -168.7387302028029  -163.1967623324709  -175.4967623324709  -183.5142401929064
 1.47397  -181.3073309848891  -169.0054078313351  -158.9165665719753  -176.1029410849379  -183.9046028515095
 1.47505  -181.3677447766242  -168.8834425688196  -165.1258767842598  -175.6557742195701  -183.1011541881433
 1.47614  -181.6172139256023  -168.8395148422601  -164.3460551849621  -176.2484879471254  -183.1392783480836
 1.47722  -181.3136462994627  -169.1324878541752  -162.9563554467776  -176.4013606316495  -183.6013606316495
 1.47831  -181.5234731810124  -168.5000992587875  -163.230337060628  -176.5291503232688  -183.5199407242271
 1.47939  -181.6285919511487  -169.1778065308328  -160.3872014588113  -176.4891759413441  -183.2820304716289
 1.48048  -181.8043960521044  -169.32786788416  -165.334468492846  -176.4098276875842  -183.0325458642279
 1.48156  -181.6588468995151  -169.4277563362309  -164.0002164673913  -176.1002164673914  -183.6809873924228
 1.48265  -180.9181898083825  -168.8181911084181  -159.8151608111179  -176.6905200058561  -182.9256204972956
 1.48373  -181.7770324785263  -169.2740375128502  -158.843415030817  -176.4055570207349  -184.543415030817
 1.48482  -181.3712272439974  -169.2053748095185  -164.6724139813565  -176.268794481834  -183.893945420641
 1.4859  -181.2813698040571  -169.1257590823811  -162.3488325564244  -175.8616308665068  -182.8967313579464
 1.48698  -181.1223130466446  -168.7783610298404  -164.4328090971283  -176.0747563487404  -183.7145369874406
 1.48807  -181.0737287938028  -169.6004005831719  -159.7120046716552  -175.9120046716552  -183.0650785632398
 1.48915  -181.1117901175052  -169.4797222862694  -159.2502687103315  -176.4574158851213  -182.9024193649186
 1.49024  -180.5946753805166  -169.0026442277534  -155.647745547233  -176.4582052334108  -183.0582052334108
 1.49132  -180.7831710912072  -169.6145871010118  -165.7831710912072  -176.8043172071064  -183.3502890641593
 1.49241  -180.7654721627012  -169.3514033847708  -163.271533701515  -176.7285047042504  -183.0663627143325
 1.49349  -180.7265557996022  -169.739901581094  -160.6918605552181  -176.8189341226432  -182.7189341226432
 1.49458  -181.433873411216  -169.105824561489  -157.1523076266562  -177.1073560007736  -183.1654087491614
 1.49566  -181.092568210575  -169.6924705153749  -160.62380055858  -177.2997153853648  -184.0427443826295
 1.49675  -181.4550707690603  -169.4029742301987  -157.4350707690603  -176.9330962865276  -183.0350707690603
 1.49783  -181.4114981743407  -169.4020181265024  -158.8430722508987  -176.5909710524207  -184.1988177673911
 1.49892  -181.1069286723299  -168.61079705555  -158.0655142429086  -176.6689480219768  -183.4270007703646
     
     
     
