 -189.7207401202653
 -189.561865299214
 -189.6424437573769
 -189.2381024384372
 -189.4749814925133
 -189.3657001694899
 -189.4024548933673
 -189.4419920453375
 -189.3787604588094
 -189.6057633868535
 -189.5560549031038
 -189.6903621191292
 -189.7324147481806
 -189.6196975174945
 -190.0549865562764
 -190.696097773295
 -189.9843622984956
 -190.1113103115044
 -189.5995881766469
 -189.7437555514962
 -189.6163394488771
 -189.681041130944
 -189.1944964826919
 -188.7599810973124
 -189.7390891195412
 -189.617393822426
 -189.4494864100072
 -189.0939538520043
 -189.4014188776828
 -188.5873365381095
 -188.8688088519647
 -188.5663819311359
 -189.189744730228
 -189.2797829918731
 -189.154014332202
 -189.2104760241652
 -188.7306922929432
 -188.8190946910229
 -188.8198858236824
 -188.6355921383799
 -188.5861558138902
 -188.7725541419243
 -189.1869964554887
 -188.0266043576588
 -188.7162383915171
 -188.9658972324996
 -188.5595282597956
 -188.4777852990294
 -188.6494617290147
 -188.8247330101504
 -189.1080474277123
 -187.8036845888625
 -187.9901016034484
 -188.9460365851571
 -188.1801112135978
 -188.2686280675595
 -188.0113744860853
 -187.9999038612278
 -188.5532328389245
 -189.4644928721134
 -188.7653172330218
 -188.2884153250174
 -187.9697244385563
 -188.295792324052
 -188.3520349854637
 -188.395556645601
 -188.8421945967569
 -188.9306803213184
 -188.0752691620861
 -188.4946748305825
 -188.5781136175451
 -188.2470724930912
 -188.255246104062
 -188.5163705864147
 -188.0699042866355
 -188.2561117686558
 -187.6446529571934
 -187.9982369115583
 -187.7919613132014
 -187.6375967876857
 -188.3015215847719
 -188.7269603718321
 -188.2464456687398
 -188.1351342176885
 -188.6237240824744
 -187.6693956168471
 -187.8010265538304
 -187.4707952070835
 -187.5107876374767
 -187.4481335705944
 -187.0127786968138
 -187.4135320863942
 -187.0901527870842
 -187.1541558640382
 -187.3105796376329
 -186.9315656260863
 -187.2203313785896
 -188.4089990418958
 -186.8977765398211
 -187.0091742158417
 -187.5979634233557
 -187.4867584453837
 -187.4773782327942
 -186.9661849110768
 -187.4670152689204
 -187.5541718014958
 -186.9445541838345
 -186.9874122115787
 -186.9340800800845
 -187.0418653395406
 -186.7605067057809
 -187.1947396255029
 -187.5213188798939
 -187.2227310773253
 -187.3182825204443
 -187.0316961767147
 -186.9186551108853
 -186.7523911056907
 -187.1644046620417
 -187.4249089287603
 -187.5189842348888
 -187.8647625390321
 -187.453678185068
 -187.0803549114654
 -187.1043502733123
 -187.0184337595757
 -187.3653222567943
 -186.7411649247915
 -187.4991044593992
 -188.2320681266052
 -187.8628737540423
 -187.5291217540664
 -187.1987623181974
 -187.7316095185369
 -187.9958495823834
 -187.8848380130532
 -187.2737300790649
 -188.2978300790121
 -187.4142334126715
 -188.838210609159
 -188.0973292127273
 -188.0412974757497
 -187.6752761373034
 -187.7192554826836
 -187.455219591386
 -187.8370161428949
 -187.6332105454904
 -187.2892815573859
 -187.4391463708151
 -187.4930419728969
 -187.8547143516016
 -188.2454522184668
 -187.6223111837413
 -188.0094754771999
 -187.4003894299912
 -186.9624135750828
 -187.0234928210693
 -187.6405242456085
 -187.4295372875542
 -187.5835880650205
 -186.9214815107498
 -187.4238838060603
 -187.6110963872261
 -187.1450880017946
 -187.2016645517793
 -187.6232845860335
 -186.8815335233381
 -188.1963315075697
 -187.9476405696593
 -187.7028622653802
 -187.2988167345279
 -187.4903322393784
 -187.902238578276
 -187.6686137566614
 -187.5945746769386
 -187.2095151112225
 -187.9057697736231
 -187.4480579975418
 -187.4391003560699
 -186.9944747098577
 -187.4800162361208
 -186.53077567904
 -187.3939085922117
 -188.1850767421059
 -187.0983130784716
 -186.736410196807
 -187.350722717491
 -187.339988885084
 -187.004109233629
 -187.0633889295485
 -186.8077188563291
 -186.4109504147625
 -186.4506816358938
 -187.5334486649605
 -186.5395469749346
 -186.3119587441523
 -186.1692259742236
 -186.0448188285941
 -186.1615394802244
 -186.3233697285588
 -186.575168925554
 -186.7294379812903
 -186.9912834991732
 -186.5080293821421
 -186.202454371189
 -185.7241421806541
 -186.5830505995515
 -185.6652727669725
 -187.2920481894651
 -185.7060666293512
 -185.9058106295138
 -186.1600977426549
 -185.8845907904585
 -186.9615078288373
 -186.2906909528554
 -185.7542637558328
 -186.1420143763096
 -186.1639030274283
 -186.2728571764972
 -186.1374835943864
 -186.5871350650134
 -185.921425908621
 -186.6782985276514
 -186.4754943585616
 -186.66398438904
 -185.9791252675437
 -186.1008193551459
 -186.3130038747132
 -186.942158234726
 -186.3120826964982
 -186.7812371925998
 -186.1593731953258
 -186.8281884929898
 -186.989392354786
 -186.2409374002674
 -187.8865726166021
 -186.4927817103452
 -187.3523989947758
 -186.8110109497699
 -186.786394166098
 -186.3759232500899
 -186.777742522829
 -187.1548988508141
 -186.2023981915187
 -187.6808197275354
 -186.5493576218824
 -186.3269515851453
 -186.3796551110274
 -186.3368920796648
 -186.2814157951033
 -187.0482742417063
 -186.8074998474139
 -186.708116095308
 -186.7846057129811
 -186.5741048150343
 -187.0768060722743
 -186.2206442097179
 -185.4763399600645
 -186.4076184440928
 -185.6893905784847
 -186.8063163363767
 -185.5959445060246
 -185.3907482923688
 -185.8477204756843
 -185.5249802436171
 -186.2145310952269
 -185.9814642604938
 -185.3061249361926
 -185.5606850215658
 -185.4310254390541
 -186.1289477121525
 -186.0646035693083
 -185.5167492898987
 -185.2087700879767
 -185.9792291498866
 -186.6506497284064
 -185.377752771935
 -185.7582449880791
 -185.1797838221447
 -184.9955025424278
 -185.4171677229874
 -185.2236840338931
 -185.5090648721726
 -185.3962656371015
 -185.0758846751866
 -185.0824190749543
 -184.9095999471522
 -186.0642465520856
 -185.6969453301559
 -185.878759825791
 -185.433419880689
 -185.8477309426787
 -185.9496218933737
 -185.9252570916231
 -185.2599871440879
 -185.2820056209317
 -185.5394627558014
 -184.4291600118864
 -185.2512864246854
 -185.6523610417503
 -185.428364948004
 -186.0557076785398
 -185.7779965668126
 -186.3228632443654
 -185.7806639427559
 -185.722647855698
 -185.2627566879133
 -184.7943743782765
 -185.5841205784018
 -185.3296551365518
 -185.3286197650662
 -185.0160403888054
 -184.9708296924853
 -185.088889489517
 -185.0556353214993
 -185.3753097419803
 -185.302718108299
 -185.6481937546446
 -184.5448543646913
 -184.9721820847713
 -185.7245412430302
 -184.6414179846675
 -185.2434404663026
 -184.6589888837575
 -185.6215001841825
 -185.2192607933834
 -185.1661384153211
 -185.3911613642796
 -185.4155386180348
 -185.4778108451437
 -185.1933372053601
 -185.278105738281
 -185.8054575821965
 -185.0965923391292
 -184.6852648285401
 -184.6172068392047
 -185.3327589020401
 -185.679694860077
 -185.9257941365347
 -185.1576219213134
 -185.6224485652393
 -185.2772691694695
 -185.8398568335419
 -185.7297543328702
 -184.9822154517713
 -185.6745541650018
 -185.5270557167434
 -184.889571774863
 -185.3812446211763
 -184.3832235661983
 -185.4611868160774
 -186.805238496302
 -185.1043834451031
 -185.9190560800197
 -185.0070771600844
 -184.5094995766502
 -184.6320209349344
 -184.203125464589
 -184.9811221095082
 -185.4020862395611
 -184.1594855918009
 -184.184094182772
 -185.0852896996451
 -184.3852902289998
 -184.1213391449325
 -183.8553371131068
 -184.164651409113
 -184.1171477533716
 -182.5423095393175
 -185.6024178407971
 -183.5616117824861
 -183.4124306871698
 -184.1857439637337
 -183.9925623697367
 -184.207830981569
 -184.717220006626
 -184.7879869607056
 -183.9553985276241
 -183.5430081750207
 -184.0355787160109
 -184.0607297169566
 -183.9065654213258
 -184.5034008482754
 -184.9584862174913
 -183.9556983385378
 -184.5438856254816
 -185.2287893316613
 -184.2791784211899
 -183.9833961847602
 -184.5174915538566
 -184.3515430467016
 -184.5794957531897
 -185.3246800925137
 -184.2219299390717
 -185.4102047274739
 -184.1022379843283
 -184.6485733952584
 -184.9204198514548
 -184.2457014206364
 -184.273451723678
 -184.9092525762938
 -183.7538070199296
 -184.5765146409984
 -184.6217957017007
 -184.9892237074307
 -184.9145646764516
 -184.9321170366265
 -185.1949669630101
 -183.9867906013255
 -184.9210552731211
 -184.2550948422157
 -184.4832165934111
 -184.0917562878128
 -184.1688365276683
 -183.8591118216686
 -184.4706545636826
 -183.9395839409289
 -184.5966146127098
 -184.0200714870741
 -183.3051051227655
 -183.8575454269628
 -183.7231169620489
 -183.8485234055626
 -184.2661417693878
 -183.4564553415539
 -183.419374375727
 -183.897223599138
 -183.7556207752345
 -183.3918318256537
 -182.9326037855115
 -183.2332161642928
 -184.10675993814
 -183.6513439553088
 -183.6873620168516
 -184.5944203827859
 -183.1548780993882
 -183.5142401929064
 -183.9046028515095
 -183.1011541881433
 -183.1392783480836
 -183.6013606316495
 -183.5199407242271
 -183.2820304716289
 -183.0325458642279
 -183.6809873924228
 -182.9256204972956
 -184.543415030817
 -183.893945420641
 -182.8967313579464
 -183.7145369874406
 -183.0650785632398
 -182.9024193649186
 -183.0582052334108
 -183.3502890641593
 -183.0663627143325
 -182.7189341226432
 -183.1654087491614
 -184.0427443826295
 -183.0350707690603
 -184.1988177673911
 -183.4270007703646
