 -171.1804426881513
 -170.3895240715527
 -163.819308577707
 -166.9936841635535
 -170.7817583293916
 -167.4400512817487
 -167.2972316386581
 -163.1973993335469
 -166.4343421839257
 -163.8249924618219
 -163.5827519817529
 -162.9240568851821
 -167.5008359489773
 -165.5752792426108
 -171.8906039509473
 -165.3516794984114
 -169.1295784756927
 -165.7317261238321
 -169.7539177430549
 -170.155719271962
 -164.6952844544618
 -162.9459727084513
 -165.3205042845251
 -162.3087070757893
 -167.7355004085003
 -161.2341901352312
 -168.7494864100072
 -169.2378237322345
 -159.7014188776828
 -154.8897693002729
 -164.3780184510065
 -161.2360262161949
 -162.0897447302279
 -163.9917467123388
 -160.9203195661492
 -160.7310540304136
 -162.995175806217
 -159.5156609119547
 -157.3823525700796
 -162.5538642480675
 -165.3627017459876
 -162.2744767705424
 -165.539457214371
 -162.1891031730026
 -164.8637776326348
 -163.9280392224175
 -162.616499262531
 -159.8674197511101
 -165.5311896193271
 -164.174556838096
 -162.2080474277123
 -141.0212419937209
 -162.0470726061838
 -161.8109360937176
 -160.6901306895246
 -166.7503559578719
 -162.6009147999076
 -163.4999038612278
 -169.2532328389245
 -163.5531431026764
 -167.0302167415823
 -166.5095614409167
 -166.004792861049
 -159.4185105006957
 -165.3540094679964
 -162.995556645601
 -159.6101496502023
 -160.9745502015486
 -161.808151189134
 -164.6497232046999
 -160.2269832094079
 -159.6053120240404
 -167.1173880939799
 -166.1824568323343
 -160.2186302651124
 -161.6072705092959
 -155.9342874092742
 -156.3982369115583
 -158.4939357957341
 -161.2616819609008
 -157.9179559609599
 -150.8877653516576
 -148.6034166714752
 -130.2371087002212
 -151.956054279948
 -158.6798553030249
 -162.9508503817759
 -165.4196364664432
 -161.178457440003
 -161.2005943294767
 -162.2893246289112
 -163.6254958068598
 -166.600612473262
 -168.0028818425151
 -153.0916358135835
 -165.5802916045632
 -166.1449721838514
 -166.8336398471575
 -164.846502518298
 -165.9840232770347
 -167.0377440620559
 -166.412766247217
 -163.4014634060093
 -163.2902700842919
 -165.3278202487459
 -166.2437121153181
 -159.7089786631825
 -164.5642916131468
 -158.8853541016076
 -162.798836342276
 -165.1605067057809
 -160.9005183975699
 -164.4773102128735
 -159.5407807942643
 -159.8879268055034
 -167.5878262964845
 -161.3959369342415
 -166.7847213031643
 -165.0432585461425
 -164.9870509186782
 -166.0880766903736
 -164.6273234236878
 -168.453678185068
 -165.8154233339583
 -164.1418835269152
 -157.9444415614089
 -165.4522211342891
 -166.4962132989089
 -164.8319864864471
 -162.7512972015737
 -157.3273572673161
 -165.6537625593281
 -162.5876356782249
 -165.0556946917521
 -160.2583483977273
 -165.409478818315
 -159.7850984862715
 -165.5499312774901
 -162.1004605758045
 -160.5757438627618
 -163.3921582255449
 -162.8057809890235
 -160.7051735726137
 -160.1941045438766
 -161.4969437135336
 -161.2720845653878
 -159.5122922389081
 -162.2221635844338
 -163.6287808228959
 -159.5177448474706
 -158.4892581452212
 -161.876359762982
 -165.1848720683971
 -163.7879440379153
 -163.4453929097885
 -162.6325161397723
 -163.5025745144871
 -162.8675978130335
 -164.1944688650615
 -160.5082909395941
 -162.2076803413798
 -163.686444690716
 -163.5234787020219
 -163.3261441777451
 -164.303326318351
 -161.5252590685662
 -163.4124410678533
 -163.2210343821433
 -164.4476405696593
 -162.812071864422
 -163.6499754751681
 -164.187899477215
 -163.4970140321042
 -164.9558154465789
 -164.5065383974044
 -164.6445835337153
 -161.5037952910904
 -163.7740657993751
 -164.8841038358673
 -163.9733285939585
 -164.7415405246802
 -164.7066905058248
 -165.5687576534048
 -164.4850767421059
 -167.2495870999947
 -167.3634837642321
 -164.0044672376679
 -166.414837946277
 -166.0077287331514
 -165.9070875342288
 -166.2526704822117
 -164.2934725543269
 -165.7506816358938
 -165.0502449777657
 -165.1096495396243
 -164.7662883105603
 -164.8556004871862
 -165.0448188285941
 -164.5002274022397
 -163.7129100423811
 -163.475168925554
 -163.4020396573859
 -160.62385281026
 -163.8822928248094
 -162.9347845686626
 -163.4253289180132
 -162.0006080044099
 -162.7274147568904
 -161.8792498793825
 -161.5510701091485
 -161.4194361165512
 -163.0472994325724
 -162.8741311042808
 -161.5501580594002
 -162.9978364225706
 -162.5288699050282
 -161.124407515342
 -161.365877509961
 -162.7832227244164
 -163.2977029556862
 -161.0995173798092
 -163.3783969113564
 -163.9443847735711
 -163.5676476435912
 -162.8844976916635
 -162.6307398625929
 -163.5880210450634
 -163.0390116765464
 -163.6493037044411
 -161.6042359815278
 -163.2261888184825
 -163.4831052795587
 -164.056682489607
 -163.989392354786
 -161.4409374002674
 -164.9965920925288
 -159.030314963948
 -161.9472280075934
 -159.5438929768178
 -163.6261748047982
 -163.4208748759725
 -163.777742522829
 -163.7809066526473
 -160.7703532449641
 -162.708742680313
 -159.1702759284645
 -161.4578591296605
 -162.1216406237478
 -162.2317210924822
 -159.1074235969365
 -161.1833747331457
 -160.9624963676166
 -160.9249124081132
 -161.8794347257985
 -162.106435012508
 -160.9206759525046
 -160.4206442097179
 -160.8428230252317
 -158.3646712376829
 -161.7910523450563
 -160.2789180124723
 -158.7821716691577
 -159.3907482923688
 -161.013806721604
 -157.9269028722352
 -160.5918129185831
 -159.7165647519333
 -159.6077867027643
 -160.0478867114832
 -159.8853550054622
 -159.6411110389208
 -159.8522212545125
 -159.9438228573238
 -160.3438705794162
 -160.4960254626918
 -158.7857181508992
 -160.1128532633745
 -157.4650218249575
 -159.900012851911
 -160.5092753792947
 -160.4040666004823
 -160.0681023087768
 -159.4271145891117
 -160.7751195212022
 -160.6758846751866
 -161.252521639644
 -160.7991402609745
 -162.5267453674294
 -162.6347690487775
 -162.6113291368778
 -163.7309871185257
 -162.6477309426786
 -164.4104268731992
 -163.9376394064189
 -163.827417833001
 -165.2627765459632
 -165.5693601911117
 -166.1422611343915
 -165.6488536625222
 -165.0777548925547
 -166.8115686351989
 -166.318174424937
 -165.207894002123
 -165.0488710461987
 -165.1249740332371
 -165.5473704518144
 -166.3921561742894
 -165.4269436893634
 -161.4736608922241
 -163.2635055408553
 -164.7637202565057
 -164.8671991294457
 -163.5570568556184
 -164.4788700135903
 -161.9504643343168
 -163.84541230667
 -164.4851112473314
 -163.3061293321633
 -164.1960131053316
 -163.8370815933318
 -151.162074496633
 -163.0414179846675
 -164.2313190135532
 -162.0452160468905
 -163.286399692743
 -162.0775003243327
 -162.809085621731
 -163.15606087284
 -163.9434615708125
 -163.6604661376851
 -163.3232346406704
 -164.2131741607738
 -163.9300983874583
 -163.0929728396067
 -164.1852648285401
 -163.5377201418282
 -162.8605095460264
 -164.3901545462547
 -161.7563916187098
 -163.3576219213134
 -162.9599818188421
 -164.8634963326026
 -164.4293971473642
 -164.1642981264898
 -167.1523180164609
 -166.9721214028385
 -166.251758591317
 -164.5771894600672
 -162.9316840530826
 -164.3320648255581
 -165.6490653633281
 -165.3631740738207
 -162.5290242503649
 -168.9171334514016
 -166.1540032684998
 -163.2755858225698
 -162.926849947752
 -161.8790402913738
 -163.4618534819689
 -164.9590572422965
 -167.8594855918009
 -165.3144498977129
 -165.491720464531
 -164.8569986433855
 -166.3072950635651
 -164.3920598185472
 -163.6873695857567
 -166.1966344507481
 -163.2798427929203
 -165.9834740167476
 -159.5362179316816
 -164.2499639407726
 -159.6726428412286
 -154.3646394169591
 -164.209753610187
 -162.9998752991674
 -163.5329385865882
 -158.6426002175416
 -156.0941669156609
 -158.8355787160109
 -160.925629225517
 -160.1782738357114
 -162.2754778954978
 -153.615271799723
 -161.6556983385378
 -160.0458601080143
 -161.1150164947943
 -161.51895905989
 -159.9143037292754
 -161.0379073661843
 -158.2965465264988
 -165.6520974292853
 -164.5422869534813
 -162.4147827642819
 -166.3746882407477
 -160.0787839164257
 -162.8924432754885
 -166.5255908386373
 -165.4289051078312
 -166.4870772107154
 -162.653122456524
 -164.7120252187576
 -166.7784891235311
 -165.4478035035339
 -165.0259859654419
 -160.9021823616558
 -163.3671854591193
 -166.4598664715706
 -160.8176981458407
 -161.0378515859263
 -163.7418224441606
 -161.4182850159039
 -158.2109853627812
 -162.0883684150594
 -164.2107264167178
 -165.1816311530916
 -164.3206401168794
 -164.1734794330399
 -156.5011276630246
 -157.010276109948
 -154.1201063116185
 -164.6477577673107
 -163.4109901519597
 -160.3012101918807
 -161.0185973314718
 -161.9539181693465
 -159.0858738297009
 -157.8344746593353
 -164.7725631981145
 -163.1465888329532
 -161.684374904933
 -163.70675993814
 -164.7649694423462
 -159.5762353768791
 -158.5840548348667
 -165.7099264735055
 -163.1967623324709
 -158.9165665719753
 -165.1258767842598
 -164.3460551849621
 -162.9563554467776
 -163.230337060628
 -160.3872014588113
 -165.334468492846
 -164.0002164673913
 -159.8151608111179
 -158.843415030817
 -164.6724139813565
 -162.3488325564244
 -164.4328090971283
 -159.7120046716552
 -159.2502687103315
 -155.647745547233
 -165.7831710912072
 -163.271533701515
 -160.6918605552181
 -157.1523076266562
 -160.62380055858
 -157.4350707690603
 -158.8430722508987
 -158.0655142429086
