 -181.8668172011139
 -181.0425979631373
 -181.4079401705003
 -181.2637867282432
 -182.084191091555
 -181.869948717059
 -181.6831875572907
 -181.9854356130811
 -182.2855009245659
 -182.194636746881
 -181.9377485019557
 -181.9989059463751
 -182.2245680332102
 -182.0023528100359
 -182.346734070717
 -181.4892127520142
 -182.4650949624189
 -182.7656398779124
 -182.7188172516155
 -182.4045605313218
 -182.6928516922985
 -182.881041130944
 -182.4394481085746
 -182.4087070757893
 -182.5710168952266
 -182.5042926999209
 -182.8494864100072
 -182.7756817423166
 -183.3989861155195
 -183.2897693002728
 -183.3755856888431
 -183.5891001077796
 -183.5792850440502
 -183.5055195492058
 -182.128863393395
 -182.0172528610437
 -181.4055413541362
 -181.5210173196409
 -181.8472841475868
 -181.6844617302427
 -181.8590822464651
 -181.8474032031173
 -181.7609886536555
 -181.8942741601851
 -181.7958225791894
 -181.2280392224175
 -180.8543572726132
 -181.4802180611927
 -181.3383350890423
 -181.457063207624
 -181.5431158502051
 -180.9340403038034
 -181.4653790073319
 -181.1786058962439
 -181.0344407800058
 -181.487857142528
 -181.2182595073662
 -181.287521546432
 -181.1019588174015
 -181.4847219018796
 -181.9998610266413
 -181.212089730226
 -181.6879965482439
 -181.4933595618887
 -181.2090059881991
 -181.1600401588748
 -180.472792078932
 -181.5745502015486
 -181.5631477093367
 -181.3966493131153
 -181.6963857272327
 -181.5053120240404
 -181.4903145265548
 -181.4812700949752
 -180.9873979171075
 -181.1262143333454
 -180.9342874092741
 -180.8333053340511
 -181.1593920021145
 -181.1480564738634
 -181.0990888226086
 -181.2389240922978
 -181.5217230726233
 -181.1674644151621
 -180.6911547713876
 -179.9798553030248
 -179.7579975565658
 -179.6220692286066
 -179.6083548753133
 -179.4690518771765
 -179.6995062987587
 -180.0014106336448
 -179.9901527870842
 -179.7768740406819
 -179.5440965724657
 -179.6992354286126
 -179.7449721838514
 -179.6440995333353
 -179.540723746231
 -179.886456039198
 -179.8998860519737
 -179.6886810740018
 -179.9527374275324
 -179.7902700842919
 -179.5670152689204
 -179.3677972885332
 -179.40535916366
 -179.2662660956795
 -179.5549983866666
 -179.7092960284537
 -179.4254382832881
 -179.6764332243547
 -180.0651887601241
 -180.0540531923195
 -179.7182825204443
 -179.4747251739793
 -179.0205777395033
 -179.6334472816413
 -180.8361130764274
 -180.1300799159428
 -179.5626828395691
 -180.5752222252099
 -180.3536781850679
 -180.2803549114655
 -180.3067830354757
 -180.2932828207687
 -179.8845513317627
 -180.2085956137047
 -180.4300120039144
 -180.2863976930132
 -180.2831027838085
 -180.6537625593281
 -180.8804902085097
 -180.9081554506343
 -180.5766205074149
 -180.4199385044927
 -179.9712973169015
 -179.8978300790121
 -179.2142334126715
 -179.4757438627618
 -179.8921582255449
 -179.7882235841651
 -180.056332313254
 -180.0590361213839
 -180.2102161115886
 -180.0552882525826
 -179.4260650757752
 -179.6201891019011
 -179.5903051114554
 -180.0213335585113
 -180.2872836626885
 -180.1711887757995
 -180.0673146635386
 -179.9060416981318
 -179.8244746032064
 -179.664846337246
 -179.6889490274497
 -179.4237279328033
 -179.7319700497175
 -179.5457300549384
 -179.3973147934605
 -179.7219611774423
 -179.3755799004998
 -179.30205900453
 -179.1912048656016
 -179.3531820213438
 -179.3459580026861
 -179.8565508688695
 -179.5854985797414
 -179.9928427894534
 -180.0708937817503
 -180.0599765244375
 -180.4146208930718
 -180.0362835591878
 -179.7274567039865
 -179.814686098405
 -179.8712259800035
 -179.487838636242
 -179.4144595508082
 -179.2012515467361
 -179.5836049471616
 -179.6445485159069
 -179.8958312208298
 -179.8024214495645
 -179.8723052766384
 -179.6013417743142
 -179.7152062307648
 -179.8184574457995
 -179.5416424872317
 -179.1633889295485
 -179.5201011711249
 -179.3109504147625
 -178.8799143221643
 -178.6877782313685
 -179.1907057155749
 -178.9119587441523
 -178.3556004871862
 -178.7343591424164
 -178.9358029228916
 -178.7579135221784
 -178.7666250983083
 -178.9346089684727
 -178.946973408692
 -179.0430978046349
 -178.7575027453064
 -178.7609044386653
 -178.5563535209024
 -178.4457211580386
 -178.154547004809
 -178.3490956266157
 -178.1579118279918
 -177.9408686676864
 -178.1722084756627
 -178.0875156306705
 -178.2189825384698
 -178.2800003131655
 -178.5296320615138
 -177.9313337163415
 -178.4083736632234
 -178.5749847790425
 -178.80640240109
 -179.0764742827383
 -178.8659162128556
 -178.7133180771832
 -178.9027698013511
 -178.8465559564568
 -178.7880210450634
 -178.6793091086604
 -179.042158234726
 -178.7499064151198
 -178.4597057533152
 -179.0455720259558
 -179.1998969073753
 -178.9280802768013
 -179.2513970864452
 -179.393003381488
 -179.5198552777703
 -179.8214914502606
 -179.6550196167903
 -180.2261748047982
 -179.9439954744045
 -180.077742522829
 -179.9297479120071
 -179.7216272664872
 -179.6788452450027
 -179.8018183807647
 -179.3901893271342
 -178.3283810895043
 -178.9667895149751
 -178.9211964338035
 -179.672915046968
 -179.9286459633131
 -179.5969894553355
 -179.6977068354862
 -180.0310758177698
 -179.797221884602
 -179.4663146433099
 -179.2102537141448
 -179.1821648681548
 -179.016788902389
 -178.9245884460643
 -179.1959445060246
 -178.8927227749014
 -178.9751187995887
 -178.7998293048101
 -178.9543117339271
 -178.8686659504113
 -178.61975042323
 -178.6514754225241
 -178.817924316549
 -178.9750247930011
 -178.5541438831306
 -179.2167492898987
 -179.1517172943866
 -179.047184203332
 -178.7689218380941
 -178.326478750412
 -178.5161805655978
 -178.7797838221447
 -178.7479633013101
 -178.6363967979559
 -178.9886156114003
 -178.7782449972489
 -178.9542012146201
 -178.8576125654989
 -179.052521639644
 -178.7421692582391
 -178.999347043525
 -179.3347690487775
 -179.3113291368778
 -179.4010896832154
 -179.3907599399432
 -179.4355778120062
 -179.2252570916231
 -178.927417833001
 -179.3307315994086
 -178.9625833542333
 -177.7548088996276
 -178.3524731620446
 -178.4897186130205
 -178.8482913406393
 -178.6693331655771
 -179.3011171652446
 -178.5697893527808
 -179.0898735417976
 -179.0772678871248
 -178.9940788029075
 -178.3706422940437
 -177.7186643720214
 -177.8321834258611
 -177.8653820230774
 -177.9196598883279
 -177.8058981149781
 -177.9980990885588
 -177.8247277769841
 -178.04541230667
 -178.1105648232694
 -178.0925038451259
 -177.7448543646913
 -177.6370815933318
 -177.9245412430302
 -177.6535394374169
 -177.6313190135532
 -177.9772609934451
 -178.1091178693866
 -177.563515276891
 -177.4338082178474
 -177.4468512737983
 -177.4083931483197
 -177.560466137685
 -177.8256674028337
 -178.078105738281
 -177.6300983874582
 -177.6844290123609
 -177.9529346310664
 -177.797939503128
 -177.9605095460264
 -178.2526212926519
 -177.9696640167649
 -178.2133968071446
 -178.4156717283609
 -178.7515326121368
 -178.7274745187461
 -178.8946538414307
 -178.4073663905783
 -177.9745541650018
 -178.0645569013995
 -177.4221410859498
 -177.3420496010019
 -177.9969964030653
 -177.8490653633281
 -178.6390889006055
 -178.5720532476294
 -178.7190560800197
 -178.7273061898507
 -178.4936834827863
 -178.5643511324081
 -177.9894999775516
 -177.8419270893337
 -177.9831424155117
 -177.4594855918009
 -177.2371680743566
 -177.3020860124502
 -177.3569986433854
 -177.5542211719804
 -176.8920598185472
 -177.164651409113
 -177.0558356753869
 -175.9447423014808
 -176.9698485297102
 -176.994493809534
 -176.7825332518595
 -176.8025402765389
 -176.9300956233395
 -176.9547570899843
 -177.0979526705493
 -177.1899095893236
 -176.972892158096
 -176.8131107397104
 -176.3582968926546
 -176.5743552039939
 -176.9645009988444
 -177.0866045354703
 -177.0310878935869
 -177.1537238560051
 -176.7774025603144
 -177.1890086929611
 -176.7915607359857
 -177.4712747320108
 -177.3379073661843
 -177.8269022414398
 -177.7060203484367
 -177.5185548692485
 -177.6147827642819
 -177.6225870422697
 -177.3787839164257
 -177.4354722727532
 -176.5806392127546
 -176.7708523594434
 -176.5610694088822
 -176.5772076297391
 -176.9994774535216
 -177.5064120763087
 -177.699077525057
 -177.4867909452674
 -177.922411391422
 -177.9372880238089
 -177.5295107566296
 -177.3851288347538
 -177.0378515859263
 -176.6981238394803
 -176.6182850159039
 -176.835626168043
 -176.2362672165814
 -176.7265425105818
 -176.249300955618
 -176.5344129537464
 -176.45967826367
 -175.9524016845477
 -175.9426063074216
 -176.0521890192767
 -175.8458351386926
 -176.1361410907668
 -173.9012101918807
 -175.942682504687
 -175.9539181693465
 -176.0617071124118
 -175.7648303742762
 -175.4777877442863
 -175.3150463806531
 -175.684374904933
 -175.6956332981675
 -175.5787422792131
 -176.1742608943464
 -176.0319536363887
 -176.2118491021236
 -175.4967623324709
 -176.1029410849379
 -175.6557742195701
 -176.2484879471254
 -176.4013606316495
 -176.5291503232688
 -176.4891759413441
 -176.4098276875842
 -176.1002164673914
 -176.6905200058561
 -176.4055570207349
 -176.268794481834
 -175.8616308665068
 -176.0747563487404
 -175.9120046716552
 -176.4574158851213
 -176.4582052334108
 -176.8043172071064
 -176.7285047042504
 -176.8189341226432
 -177.1073560007736
 -177.2997153853648
 -176.9330962865276
 -176.5909710524207
 -176.6689480219768
