 -175.2586333266429
 -174.6086057649705
 -174.4329298510974
 -174.0904781362431
 -175.6288318968167
 -175.3801614426483
 -175.4847777506596
 -175.1747307098767
 -175.3693768276049
 -175.6984917510283
 -176.1257095782098
 -176.0838375238823
 -175.6482520249277
 -175.1174960140687
 -175.830873397214
 -174.9506629468292
 -176.099201465508
 -176.3656398779124
 -176.657140109359
 -175.6853121706087
 -176.3860748554201
 -176.2834738931073
 -176.5143466705684
 -176.5445616365902
 -176.3771233983157
 -176.7062671824536
 -176.7455034058663
 -176.8676817423166
 -176.9564867986933
 -177.1526431419658
 -177.3304151158132
 -177.4294078482908
 -176.7490422955141
 -177.0326289975745
 -175.4846166956464
 -176.0247459180706
 -175.8104729316434
 -176.0139437522158
 -176.0984744844162
 -176.1231531440372
 -176.3075552052043
 -175.8465982232918
 -174.3069964554887
 -175.6584721764679
 -175.8246599178704
 -175.5960562182766
 -174.04734884866
 -174.7045264312053
 -174.6283195806337
 -175.8407330101504
 -175.1602667890121
 -175.0291407952429
 -174.8636185382812
 -174.7723125489646
 -174.676907526403
 -174.6601606506247
 -174.0335192405523
 -174.5094441750501
 -174.6458133782023
 -175.4354056014559
 -175.0071347504696
 -174.8838552898998
 -174.8959516016893
 -175.1164595710545
 -173.6901335067833
 -173.5388698796937
 -172.8793530293482
 -175.1982167708307
 -175.1756857866389
 -174.9535032702435
 -175.2869215869214
 -175.3434808979923
 -175.6108969956564
 -175.7518021447256
 -175.9504406614945
 -175.431665828196
 -175.1777161514804
 -175.4601347610211
 -175.6586572354943
 -176.0245988755641
 -175.5011926873339
 -175.837737599603
 -174.7504046428639
 -174.4350931918126
 -174.3994226871547
 -174.5743990966444
 -174.1896192335248
 -174.2020692286065
 -174.0225990428179
 -174.0072093087995
 -173.7651275721491
 -173.6373205146374
 -173.5263254479925
 -173.3477231018748
 -173.3699367302412
 -172.7711051118684
 -173.4578986164263
 -172.5480995333352
 -173.4166252525357
 -173.1541258417244
 -172.9295566824267
 -173.3675359731607
 -173.206552877122
 -172.4424543573434
 -172.7279197299522
 -172.5805606964178
 -172.4365179043002
 -172.5012626158822
 -172.6767430365686
 -173.297685928405
 -172.879764147677
 -172.6493596569296
 -172.8703593331541
 -172.0654995770561
 -173.043391173887
 -172.9694210962722
 -172.0230815597057
 -173.096089710371
 -172.7951814989202
 -173.1450405455402
 -172.6343413274971
 -173.67921458694
 -172.6961053008167
 -173.1657050243057
 -173.2418835269152
 -172.748343941107
 -173.5918992408479
 -173.4102071646807
 -172.7599094392247
 -173.2948370704133
 -172.8077649416349
 -173.1068320360961
 -173.880504870332
 -173.7993653780819
 -173.6952051936944
 -172.241418552331
 -171.9230870822948
 -171.7993314690885
 -170.9922490344784
 -171.1284701389336
 -171.3707466808584
 -171.9063907044473
 -171.3734248312898
 -171.6227063017654
 -172.7059719711336
 -172.2639794087075
 -171.1482335074337
 -171.3335683210306
 -171.7227658703376
 -171.8362083166771
 -171.0306817811727
 -170.256359762982
 -170.5431589984894
 -170.8734622037606
 -170.2883291640073
 -170.3757629542144
 -170.573331093493
 -169.2483140110017
 -170.7028507256846
 -170.2353243629003
 -169.6193486906292
 -170.3232430007985
 -170.7515456688058
 -169.970511500378
 -170.7551659418556
 -170.0544008806801
 -170.9886430191415
 -171.0718728888016
 -171.0770595853987
 -171.680071864422
 -171.7146064999212
 -171.688651116502
 -171.1211286653449
 -172.0887009466597
 -171.0828996895849
 -171.3646472018649
 -170.8317952910903
 -171.491926380762
 -170.8366860081202
 -171.0894708799349
 -171.3163540319854
 -170.8354183654393
 -172.0687421630375
 -171.6891479792596
 -171.9029441032247
 -171.714651479392
 -171.8168002497414
 -171.5382614487384
 -170.8264824860829
 -170.7598310862863
 -170.27678468898
 -170.5210149220646
 -170.089047183813
 -169.7063668921023
 -170.1764785524418
 -169.7035080881633
 -169.8002840050412
 -169.4327442543096
 -169.3247509469103
 -168.5985849238479
 -168.992550623236
 -167.9918004068462
 -168.0788250858253
 -168.1848861781093
 -167.5564497277867
 -168.0239627511156
 -167.5588683956489
 -167.7055584347857
 -167.1823801440637
 -166.9589899233831
 -167.107045947265
 -167.3016355375457
 -166.9725907904585
 -167.586418428844
 -167.438650341132
 -167.0261033793374
 -167.4390010748685
 -167.3250289337961
 -167.9485721035481
 -167.964134023441
 -168.2409532632286
 -168.1784974077745
 -168.3703997261294
 -168.6852731306286
 -168.5292746599816
 -168.2498093573241
 -168.1283065832368
 -168.2901434120931
 -167.6668611092995
 -168.7647642667388
 -168.1586472318303
 -168.7348535008338
 -168.8843147089999
 -168.4621693231041
 -168.8939048587182
 -168.6894727941326
 -169.2187931607537
 -169.2726821386591
 -168.9713419928685
 -169.1409045346447
 -169.0730164787875
 -169.0624534367308
 -169.2605016881209
 -168.8414112757818
 -168.969817639657
 -169.1342330510588
 -168.3709013695497
 -168.2043810895043
 -168.0175257852351
 -167.8870059884722
 -167.5790587248633
 -167.7582522271616
 -167.4921586364466
 -166.7778731604173
 -166.3395842569065
 -166.0335992465365
 -167.2465333988755
 -166.5090682915357
 -166.3269461122307
 -166.2873503819089
 -165.2884583262946
 -165.9677776452793
 -165.7717905322579
 -165.3487482001191
 -165.5223492569718
 -165.3914416952337
 -164.8306135048923
 -165.5719624755268
 -165.2200406328768
 -165.0079196731467
 -165.2635954041236
 -165.4682212545125
 -164.9956787934571
 -165.1955911323006
 -165.1549329197987
 -165.6066829628129
 -164.8003913314909
 -165.1349418152117
 -165.316091562656
 -165.5056572399179
 -165.4058108443104
 -166.1097865985828
 -166.4906627988734
 -166.107505970236
 -166.3545963076378
 -166.7821287995438
 -167.3166777245816
 -167.0053398531953
 -168.0229353737086
 -168.9047196292151
 -168.6417998458624
 -169.1823659210788
 -169.6325025285027
 -169.8111967161003
 -170.4265603603512
 -170.9198580250993
 -171.2833234293045
 -171.1590984730726
 -170.8026048908247
 -171.0569455809532
 -171.6307977101674
 -170.4154282314242
 -170.7829675695481
 -169.6821758018145
 -170.3638128177965
 -170.3038169123412
 -169.9128269326067
 -169.9537252013494
 -169.9462556740485
 -169.7891396101414
 -169.045481005966
 -169.7025654238753
 -169.2407108423147
 -168.9952203859357
 -169.2423635756986
 -168.7098707200179
 -168.8448945792857
 -169.223801410412
 -168.7599279321164
 -168.4041735025227
 -168.2455060549439
 -167.9728694523124
 -168.4955962171787
 -167.9386674044688
 -168.0697476018281
 -168.2880935503996
 -167.75555943399
 -168.0779498381746
 -168.71402254885
 -168.035084510524
 -167.8716981369265
 -168.2782491201178
 -168.2643741991649
 -168.5168942217799
 -169.2093520185384
 -168.7393495423586
 -169.0331813724204
 -169.0975528701591
 -169.333847891236
 -169.9524709825064
 -170.4665928959557
 -170.3085696671986
 -170.6103577497558
 -170.7369151074099
 -171.4372287532124
 -171.8165943615776
 -171.9679458363605
 -172.0867796534361
 -172.7072005398089
 -172.1119912181933
 -172.1345090422955
 -172.4221191979058
 -172.3394839365426
 -173.0371334514016
 -172.9419262212774
 -172.4223520316203
 -172.3194516238476
 -172.0282470223773
 -171.3528742886477
 -171.2291346136784
 -171.2504449213626
 -171.0490919758046
 -170.9800082247671
 -171.2121307340278
 -171.1275949962166
 -171.4834842299744
 -171.131472453437
 -170.9852114669618
 -170.7472005051014
 -170.7468403111773
 -170.6887900147656
 -170.847637503227
 -170.469613843964
 -170.8309480783097
 -170.5208828780617
 -170.786843858142
 -170.2433532682912
 -169.9140406057157
 -169.8377034194048
 -169.8903885045611
 -170.3472706630999
 -169.9277750203675
 -170.6782932059782
 -170.6156585047094
 -170.5945455277187
 -170.5996974285065
 -170.2413910077569
 -170.6794074509561
 -170.6036334528865
 -170.9567206288251
 -170.8475430467016
 -171.1812594200666
 -171.3148575646038
 -170.4438756936738
 -170.7271141641897
 -170.3079160561901
 -170.1339521771652
 -170.163713685022
 -170.3407919839206
 -170.1228427064784
 -170.4321527538243
 -171.0903353051406
 -171.601307393491
 -172.2155434341612
 -171.9735447213812
 -172.2093205071168
 -172.3080162780082
 -172.19632606711
 -171.7861446063675
 -170.7729215224234
 -170.1715306134134
 -170.1072312552333
 -169.7780444979524
 -170.3782880225189
 -170.7237455272389
 -170.4721299684356
 -170.7103121951282
 -170.8856014172241
 -170.2820099482603
 -169.7274607994676
 -169.3711587234334
 -169.4686055820587
 -169.3624125947201
 -167.7323689325209
 -169.564837202177
 -169.3250525996897
 -168.6146216855474
 -169.0678562914312
 -169.0598637727308
 -168.6857223646366
 -168.5742226769313
 -169.0380762031069
 -168.8616004670992
 -169.1130492954406
 -169.0552143554755
 -169.4515118049585
 -168.7387302028029
 -169.0054078313351
 -168.8834425688196
 -168.8395148422601
 -169.1324878541752
 -168.5000992587875
 -169.1778065308328
 -169.32786788416
 -169.4277563362309
 -168.8181911084181
 -169.2740375128502
 -169.2053748095185
 -169.1257590823811
 -168.7783610298404
 -169.6004005831719
 -169.4797222862694
 -169.0026442277534
 -169.6145871010118
 -169.3514033847708
 -169.739901581094
 -169.105824561489
 -169.6924705153749
 -169.4029742301987
 -169.4020181265024
 -168.61079705555



