 1.00000
 1.00108
 1.00217
 1.00325
 1.00434
 1.00542
 1.00651
 1.00759
 1.00868
 1.00976
 1.01085
 1.01193
 1.01302
 1.0141
 1.01518
 1.01627
 1.01735
 1.01844
 1.01952
 1.02061
 1.02169
 1.02278
 1.02386
 1.02495
 1.02603
 1.02711
 1.0282
 1.02928
 1.03037
 1.03145
 1.03254
 1.03362
 1.03471
 1.03579
 1.03688
 1.03796
 1.03905
 1.04013
 1.04121
 1.0423
 1.04338
 1.04447
 1.04555
 1.04664
 1.04772
 1.04881
 1.04989
 1.05098
 1.05206
 1.05315
 1.05423
 1.05531
 1.0564
 1.05748
 1.05857
 1.05965
 1.06074
 1.06182
 1.06291
 1.06399
 1.06508
 1.06616
 1.06725
 1.06833
 1.06941
 1.0705
 1.07158
 1.07267
 1.07375
 1.07484
 1.07592
 1.07701
 1.07809
 1.07918
 1.08026
 1.08134
 1.08243
 1.08351
 1.0846
 1.08568
 1.08677
 1.08785
 1.08894
 1.09002
 1.09111
 1.09219
 1.09328
 1.09436
 1.09544
 1.09653
 1.09761
 1.0987
 1.09978
 1.10087
 1.10195
 1.10304
 1.10412
 1.10521
 1.10629
 1.10738
 1.10846
 1.10954
 1.11063
 1.11171
 1.1128
 1.11388
 1.11497
 1.11605
 1.11714
 1.11822
 1.11931
 1.12039
 1.12148
 1.12256
 1.12364
 1.12473
 1.12581
 1.1269
 1.12798
 1.12907
 1.13015
 1.13124
 1.13232
 1.13341
 1.13449
 1.13557
 1.13666
 1.13774
 1.13883
 1.13991
 1.141
 1.14208
 1.14317
 1.14425
 1.14534
 1.14642
 1.14751
 1.14859
 1.14967
 1.15076
 1.15184
 1.15293
 1.15401
 1.1551
 1.15618
 1.15727
 1.15835
 1.15944
 1.16052
 1.16161
 1.16269
 1.16377
 1.16486
 1.16594
 1.16703
 1.16811
 1.1692
 1.17028
 1.17137
 1.17245
 1.17354
 1.17462
 1.1757
 1.17679
 1.17787
 1.17896
 1.18004
 1.18113
 1.18221
 1.1833
 1.18438
 1.18547
 1.18655
 1.18764
 1.18872
 1.1898
 1.19089
 1.19197
 1.19306
 1.19414
 1.19523
 1.19631
 1.1974
 1.19848
 1.19957
 1.20065
 1.20174
 1.20282
 1.2039
 1.20499
 1.20607
 1.20716
 1.20824
 1.20933
 1.21041
 1.2115
 1.21258
 1.21367
 1.21475
 1.21584
 1.21692
 1.218
 1.21909
 1.22017
 1.22126
 1.22234
 1.22343
 1.22451
 1.2256
 1.22668
 1.22777
 1.22885
 1.22993
 1.23102
 1.2321
 1.23319
 1.23427
 1.23536
 1.23644
 1.23753
 1.23861
 1.2397
 1.24078
 1.24187
 1.24295
 1.24403
 1.24512
 1.2462
 1.24729
 1.24837
 1.24946
 1.25054
 1.25163
 1.25271
 1.2538
 1.25488
 1.25597
 1.25705
 1.25813
 1.25922
 1.2603
 1.26139
 1.26247
 1.26356
 1.26464
 1.26573
 1.26681
 1.2679
 1.26898
 1.27007
 1.27115
 1.27223
 1.27332
 1.2744
 1.27549
 1.27657
 1.27766
 1.27874
 1.27983
 1.28091
 1.282
 1.28308
 1.28416
 1.28525
 1.28633
 1.28742
 1.2885
 1.28959
 1.29067
 1.29176
 1.29284
 1.29393
 1.29501
 1.2961
 1.29718
 1.29826
 1.29935
 1.30043
 1.30152
 1.3026
 1.30369
 1.30477
 1.30586
 1.30694
 1.30803
 1.30911
 1.3102
 1.31128
 1.31236
 1.31345
 1.31453
 1.31562
 1.3167
 1.31779
 1.31887
 1.31996
 1.32104
 1.32213
 1.32321
 1.3243
 1.32538
 1.32646
 1.32755
 1.32863
 1.32972
 1.3308
 1.33189
 1.33297
 1.33406
 1.33514
 1.33623
 1.33731
 1.33839
 1.33948
 1.34056
 1.34165
 1.34273
 1.34382
 1.3449
 1.34599
 1.34707
 1.34816
 1.34924
 1.35033
 1.35141
 1.35249
 1.35358
 1.35466
 1.35575
 1.35683
 1.35792
 1.359
 1.36009
 1.36117
 1.36226
 1.36334
 1.36443
 1.36551
 1.36659
 1.36768
 1.36876
 1.36985
 1.37093
 1.37202
 1.3731
 1.37419
 1.37527
 1.37636
 1.37744
 1.37852
 1.37961
 1.38069
 1.38178
 1.38286
 1.38395
 1.38503
 1.38612
 1.3872
 1.38829
 1.38937
 1.39046
 1.39154
 1.39262
 1.39371
 1.39479
 1.39588
 1.39696
 1.39805
 1.39913
 1.40022
 1.4013
 1.40239
 1.40347
 1.40456
 1.40564
 1.40672
 1.40781
 1.40889
 1.40998
 1.41106
 1.41215
 1.41323
 1.41432
 1.4154
 1.41649
 1.41757
 1.41866
 1.41974
 1.42082
 1.42191
 1.42299
 1.42408
 1.42516
 1.42625
 1.42733
 1.42842
 1.4295
 1.43059
 1.43167
 1.43275
 1.43384
 1.43492
 1.43601
 1.43709
 1.43818
 1.43926
 1.44035
 1.44143
 1.44252
 1.4436
 1.44469
 1.44577
 1.44685
 1.44794
 1.44902
 1.45011
 1.45119
 1.45228
 1.45336
 1.45445
 1.45553
 1.45662
 1.4577
 1.45879
 1.45987
 1.46095
 1.46204
 1.46312
 1.46421
 1.46529
 1.46638
 1.46746
 1.46855
 1.46963
 1.47072
 1.4718
 1.47289
 1.47397
 1.47505
 1.47614
 1.47722
 1.47831
 1.47939
 1.48048
 1.48156
 1.48265
 1.48373
 1.48482
 1.4859
 1.48698
 1.48807
 1.48915
 1.49024
 1.49132
 1.49241
 1.49349
 1.49458
 1.49566
 1.49675
 1.49783
 1.49892


